0001_0027_0036_0058_0058.jpg 1 27 36 58 58
0002_0066_0031_0023_0023.jpg 1 66 31 23 23
0003_0060_0044_0028_0028.jpg 1 60 44 28 28
0004_0007_0017_0039_0039.jpg 1 7 17 39 39
0005_0015_0020_0058_0058.jpg 1 15 20 58 58
0006_0039_0019_0022_0022.jpg 1 39 19 22 22
0007_0008_0020_0052_0052.jpg 1 8 20 52 52
0008_0010_0013_0068_0068.jpg 1 10 13 68 68
0009_0023_0033_0047_0047.jpg 1 23 33 47 47
0010_0009_0013_0053_0053.jpg 1 9 13 53 53
0011_0064_0034_0028_0028.jpg 1 64 34 28 28
0012_0021_0034_0043_0043.jpg 1 21 34 43 43
0013_0033_0063_0021_0021.jpg 1 33 63 21 21
0014_0005_0029_0061_0061.jpg 1 5 29 61 61
0015_0034_0024_0041_0041.jpg 1 34 24 41 41
0016_0032_0028_0054_0054.jpg 1 32 28 54 54
0017_0020_0013_0062_0062.jpg 1 20 13 62 62
0018_0051_0021_0041_0041.jpg 1 51 21 41 41
0019_0026_0040_0052_0052.jpg 1 26 40 52 52
0020_0026_0042_0039_0039.jpg 1 26 42 39 39
0021_0005_0004_0066_0066.jpg 1 5 4 66 66
0022_0014_0019_0055_0055.jpg 1 14 19 55 55
0023_0017_0014_0052_0052.jpg 1 17 14 52 52
0024_0008_0038_0020_0020.jpg 1 8 38 20 20
0025_0041_0040_0047_0047.jpg 1 41 40 47 47
0026_0034_0005_0047_0047.jpg 1 34 5 47 47
0027_0039_0051_0028_0028.jpg 1 39 51 28 28
0028_0033_0032_0037_0037.jpg 1 33 32 37 37
0029_0020_0016_0051_0051.jpg 1 20 16 51 51
0030_0032_0009_0055_0055.jpg 1 32 9 55 55
0031_0027_0009_0067_0067.jpg 1 27 9 67 67
0032_0021_0012_0042_0042.jpg 1 21 12 42 42
0033_0018_0031_0063_0063.jpg 1 18 31 63 63
0034_0019_0005_0065_0065.jpg 1 19 5 65 65
0035_0030_0018_0032_0032.jpg 1 30 18 32 32
0036_0027_0012_0060_0060.jpg 1 27 12 60 60
0037_0028_0010_0052_0052.jpg 1 28 10 52 52
0038_0039_0005_0049_0049.jpg 1 39 5 49 49
0039_0047_0029_0036_0036.jpg 1 47 29 36 36
0040_0056_0019_0030_0030.jpg 1 56 19 30 30
0041_0049_0006_0042_0042.jpg 1 49 6 42 42
0042_0030_0022_0066_0066.jpg 1 30 22 66 66
0043_0031_0004_0062_0062.jpg 1 31 4 62 62
0044_0008_0014_0067_0067.jpg 1 8 14 67 67
0045_0027_0011_0066_0066.jpg 1 27 11 66 66
0046_0009_0021_0036_0036.jpg 1 9 21 36 36
0047_0009_0006_0064_0064.jpg 1 9 6 64 64
0048_0028_0009_0068_0068.jpg 1 28 9 68 68
0049_0015_0010_0064_0064.jpg 1 15 10 64 64
0050_0021_0039_0046_0046.jpg 1 21 39 46 46
0051_0015_0010_0066_0066.jpg 1 15 10 66 66
0052_0008_0013_0032_0032.jpg 1 8 13 32 32
0053_0038_0030_0035_0035.jpg 1 38 30 35 35
0054_0038_0063_0026_0026.jpg 1 38 63 26 26
0055_0014_0019_0062_0062.jpg 1 14 19 62 62
0056_0003_0017_0069_0069.jpg 1 3 17 69 69
0057_0025_0027_0036_0036.jpg 1 25 27 36 36
0058_0017_0038_0034_0034.jpg 1 17 38 34 34
0059_0049_0060_0030_0030.jpg 1 49 60 30 30
0060_0028_0013_0041_0041.jpg 1 28 13 41 41
0061_0033_0048_0037_0037.jpg 1 33 48 37 37
0062_0031_0010_0060_0060.jpg 1 31 10 60 60
0063_0015_0009_0059_0059.jpg 1 15 9 59 59
0064_0037_0022_0022_0022.jpg 1 37 22 22 22
0065_0025_0009_0045_0045.jpg 1 25 9 45 45
0066_0043_0046_0041_0041.jpg 1 43 46 41 41
0067_0007_0029_0050_0050.jpg 1 7 29 50 50
0068_0016_0042_0034_0034.jpg 1 16 42 34 34
0069_0036_0030_0021_0021.jpg 1 36 30 21 21
0070_0037_0042_0047_0047.jpg 1 37 42 47 47
0071_0047_0031_0041_0041.jpg 1 47 31 41 41
0072_0030_0053_0035_0035.jpg 1 30 53 35 35
0073_0043_0010_0020_0020.jpg 1 43 10 20 20
0074_0017_0009_0064_0064.jpg 1 17 9 64 64
0075_0052_0063_0021_0021.jpg 1 52 63 21 21
0076_0049_0058_0028_0028.jpg 1 49 58 28 28
0077_0051_0040_0040_0040.jpg 1 51 40 40 40
0078_0065_0037_0023_0023.jpg 1 65 37 23 23
0079_0037_0011_0052_0052.jpg 1 37 11 52 52
0080_0026_0056_0031_0031.jpg 1 26 56 31 31
0081_0017_0005_0056_0056.jpg 1 17 5 56 56
0082_0012_0049_0034_0034.jpg 1 12 49 34 34
0083_0013_0027_0062_0062.jpg 1 13 27 62 62
0084_0017_0042_0049_0049.jpg 1 17 42 49 49
0085_0017_0016_0056_0056.jpg 1 17 16 56 56
0086_0007_0004_0063_0063.jpg 1 7 4 63 63
0087_0017_0045_0047_0047.jpg 1 17 45 47 47
0088_0049_0019_0045_0045.jpg 1 49 19 45 45
0089_0039_0030_0052_0052.jpg 1 39 30 52 52
0090_0008_0042_0035_0035.jpg 1 8 42 35 35
0091_0020_0026_0031_0031.jpg 1 20 26 31 31
0092_0047_0022_0035_0035.jpg 1 47 22 35 35
0093_0039_0045_0048_0048.jpg 1 39 45 48 48
0094_0052_0010_0033_0033.jpg 1 52 10 33 33
0095_0017_0024_0062_0062.jpg 1 17 24 62 62
0096_0040_0036_0040_0040.jpg 1 40 36 40 40
0097_0032_0030_0063_0063.jpg 1 32 30 63 63
0098_0018_0070_0021_0021.jpg 1 18 70 21 21
0099_0063_0032_0022_0022.jpg 1 63 32 22 22
0100_0026_0010_0066_0066.jpg 1 26 10 66 66
0101_0052_0049_0039_0039.jpg 1 52 49 39 39
0102_0003_0019_0068_0068.jpg 1 3 19 68 68
0103_0028_0010_0041_0041.jpg 1 28 10 41 41
0104_0009_0021_0046_0046.jpg 1 9 21 46 46
0105_0025_0017_0026_0026.jpg 1 25 17 26 26
0106_0031_0025_0061_0061.jpg 1 31 25 61 61
0107_0066_0046_0021_0021.jpg 1 66 46 21 21
0108_0008_0016_0030_0030.jpg 1 8 16 30 30
0109_0044_0012_0039_0039.jpg 1 44 12 39 39
0110_0038_0055_0026_0026.jpg 1 38 55 26 26
0111_0010_0024_0066_0066.jpg 1 10 24 66 66
0112_0037_0069_0022_0022.jpg 1 37 69 22 22
0113_0004_0012_0062_0062.jpg 1 4 12 62 62
0114_0007_0025_0063_0063.jpg 1 7 25 63 63
0115_0021_0057_0033_0033.jpg 1 21 57 33 33
0116_0036_0011_0046_0046.jpg 1 36 11 46 46
0117_0030_0024_0042_0042.jpg 1 30 24 42 42
0118_0021_0010_0022_0022.jpg 1 21 10 22 22
0119_0028_0013_0040_0040.jpg 1 28 13 40 40
0120_0023_0071_0021_0021.jpg 1 23 71 21 21
0121_0026_0010_0066_0066.jpg 1 26 10 66 66
0122_0008_0017_0068_0068.jpg 1 8 17 68 68
0123_0032_0028_0041_0041.jpg 1 32 28 41 41
0124_0018_0003_0069_0069.jpg 1 18 3 69 69
0125_0029_0031_0050_0050.jpg 1 29 31 50 50
0126_0031_0053_0036_0036.jpg 1 31 53 36 36
0127_0013_0013_0045_0045.jpg 1 13 13 45 45
0128_0011_0024_0059_0059.jpg 1 11 24 59 59
0129_0014_0018_0065_0065.jpg 1 14 18 65 65
0130_0004_0008_0063_0063.jpg 1 4 8 63 63
0131_0064_0027_0024_0024.jpg 1 64 27 24 24
0132_0031_0033_0052_0052.jpg 1 31 33 52 52
0133_0036_0041_0045_0045.jpg 1 36 41 45 45
0134_0013_0020_0035_0035.jpg 1 13 20 35 35
0135_0012_0047_0035_0035.jpg 1 12 47 35 35
0136_0028_0046_0033_0033.jpg 1 28 46 33 33
0137_0026_0037_0036_0036.jpg 1 26 37 36 36
0138_0005_0034_0054_0054.jpg 1 5 34 54 54
0139_0014_0040_0053_0053.jpg 1 14 40 53 53
0140_0015_0012_0028_0028.jpg 1 15 12 28 28
0141_0024_0026_0060_0060.jpg 1 24 26 60 60
0142_0017_0008_0066_0066.jpg 1 17 8 66 66
0143_0024_0014_0043_0043.jpg 1 24 14 43 43
0144_0041_0050_0021_0021.jpg 1 41 50 21 21
0145_0021_0027_0066_0066.jpg 1 21 27 66 66
0146_0026_0010_0069_0069.jpg 1 26 10 69 69
0147_0028_0021_0062_0062.jpg 1 28 21 62 62
0148_0018_0036_0053_0053.jpg 1 18 36 53 53
0149_0039_0041_0053_0053.jpg 1 39 41 53 53
0150_0006_0037_0045_0045.jpg 1 6 37 45 45
0151_0043_0011_0022_0022.jpg 1 43 11 22 22
0152_0013_0041_0029_0029.jpg 1 13 41 29 29
0153_0022_0007_0043_0043.jpg 1 22 7 43 43
0154_0015_0042_0040_0040.jpg 1 15 42 40 40
0155_0047_0030_0026_0026.jpg 1 47 30 26 26
0156_0036_0004_0052_0052.jpg 1 36 4 52 52
0157_0013_0012_0067_0067.jpg 1 13 12 67 67
0158_0053_0021_0041_0041.jpg 1 53 21 41 41
0159_0046_0011_0029_0029.jpg 1 46 11 29 29
0160_0023_0010_0066_0066.jpg 1 23 10 66 66
0161_0054_0021_0021_0021.jpg 1 54 21 21 21
0162_0029_0044_0026_0026.jpg 1 29 44 26 26
0163_0016_0038_0053_0053.jpg 1 16 38 53 53
0164_0008_0013_0069_0069.jpg 1 8 13 69 69
0165_0023_0024_0040_0040.jpg 1 23 24 40 40
0166_0016_0026_0062_0062.jpg 1 16 26 62 62
0167_0036_0048_0035_0035.jpg 1 36 48 35 35
0168_0021_0060_0023_0023.jpg 1 21 60 23 23
0169_0016_0028_0066_0066.jpg 1 16 28 66 66
0170_0022_0033_0025_0025.jpg 1 22 33 25 25
0171_0047_0033_0046_0046.jpg 1 47 33 46 46
0172_0029_0038_0039_0039.jpg 1 29 38 39 39
0173_0025_0039_0055_0055.jpg 1 25 39 55 55
0174_0006_0021_0057_0057.jpg 1 6 21 57 57
0175_0005_0020_0069_0069.jpg 1 5 20 69 69
0176_0028_0048_0028_0028.jpg 1 28 48 28 28
0177_0047_0035_0045_0045.jpg 1 47 35 45 45
0178_0025_0034_0059_0059.jpg 1 25 34 59 59
0179_0032_0019_0049_0049.jpg 1 32 19 49 49
0180_0028_0013_0067_0067.jpg 1 28 13 67 67
0181_0031_0036_0032_0032.jpg 1 31 36 32 32
0182_0006_0020_0040_0040.jpg 1 6 20 40 40
0183_0041_0020_0052_0052.jpg 1 41 20 52 52
0184_0039_0045_0038_0038.jpg 1 39 45 38 38
0185_0041_0063_0023_0023.jpg 1 41 63 23 23
0186_0019_0041_0044_0044.jpg 1 19 41 44 44
0187_0042_0016_0047_0047.jpg 1 42 16 47 47
0188_0026_0021_0063_0063.jpg 1 26 21 63 63
0189_0032_0035_0024_0024.jpg 1 32 35 24 24
0190_0016_0026_0033_0033.jpg 1 16 26 33 33
0191_0010_0026_0053_0053.jpg 1 10 26 53 53
0192_0034_0007_0060_0060.jpg 1 34 7 60 60
0193_0037_0036_0036_0036.jpg 1 37 36 36 36
0194_0040_0022_0040_0040.jpg 1 40 22 40 40
0195_0017_0024_0069_0069.jpg 1 17 24 69 69
0196_0033_0020_0059_0059.jpg 1 33 20 59 59
0197_0010_0024_0068_0068.jpg 1 10 24 68 68
0198_0012_0025_0068_0068.jpg 1 12 25 68 68
0199_0004_0019_0068_0068.jpg 1 4 19 68 68
0200_0030_0027_0061_0061.jpg 1 30 27 61 61
0201_0027_0006_0037_0037.jpg 1 27 6 37 37
0202_0014_0010_0044_0044.jpg 1 14 10 44 44
0203_0027_0009_0051_0051.jpg 1 27 9 51 51
0204_0013_0043_0045_0045.jpg 1 13 43 45 45
0205_0039_0027_0029_0029.jpg 1 39 27 29 29
0206_0030_0009_0032_0032.jpg 1 30 9 32 32
0207_0005_0008_0060_0060.jpg 1 5 8 60 60
0208_0014_0019_0034_0034.jpg 1 14 19 34 34
0209_0026_0012_0029_0029.jpg 1 26 12 29 29
0210_0015_0043_0040_0040.jpg 1 15 43 40 40
0211_0018_0040_0021_0021.jpg 1 18 40 21 21
0212_0010_0029_0034_0034.jpg 1 10 29 34 34
0213_0020_0015_0065_0065.jpg 1 20 15 65 65
0214_0021_0068_0021_0021.jpg 1 21 68 21 21
0215_0007_0011_0039_0039.jpg 1 7 11 39 39
0216_0022_0026_0062_0062.jpg 1 22 26 62 62
0217_0020_0007_0066_0066.jpg 1 20 7 66 66
0218_0023_0036_0033_0033.jpg 1 23 36 33 33
0219_0009_0033_0050_0050.jpg 1 9 33 50 50
0220_0009_0007_0052_0052.jpg 1 9 7 52 52
0221_0015_0012_0069_0069.jpg 1 15 12 69 69
0222_0041_0045_0040_0040.jpg 1 41 45 40 40
0223_0019_0027_0069_0069.jpg 1 19 27 69 69
0224_0011_0008_0048_0048.jpg 1 11 8 48 48
0225_0047_0012_0040_0040.jpg 1 47 12 40 40
0226_0063_0059_0024_0024.jpg 1 63 59 24 24
0227_0017_0009_0068_0068.jpg 1 17 9 68 68
0228_0023_0028_0054_0054.jpg 1 23 28 54 54
0229_0021_0017_0060_0060.jpg 1 21 17 60 60
0230_0044_0024_0049_0049.jpg 1 44 24 49 49
0231_0017_0007_0068_0068.jpg 1 17 7 68 68
0232_0009_0021_0069_0069.jpg 1 9 21 69 69
0233_0026_0019_0041_0041.jpg 1 26 19 41 41
0234_0021_0031_0064_0064.jpg 1 21 31 64 64
0235_0039_0010_0043_0043.jpg 1 39 10 43 43
0236_0046_0036_0042_0042.jpg 1 46 36 42 42
0237_0061_0032_0020_0020.jpg 1 61 32 20 20
0238_0025_0023_0038_0038.jpg 1 25 23 38 38
0239_0016_0023_0038_0038.jpg 1 16 23 38 38
0240_0031_0019_0058_0058.jpg 1 31 19 58 58
0241_0012_0014_0039_0039.jpg 1 12 14 39 39
0242_0049_0059_0025_0025.jpg 1 49 59 25 25
0243_0059_0062_0026_0026.jpg 1 59 62 26 26
0244_0013_0036_0056_0056.jpg 1 13 36 56 56
0245_0028_0012_0038_0038.jpg 1 28 12 38 38
0246_0027_0062_0023_0023.jpg 1 27 62 23 23
0247_0059_0009_0025_0025.jpg 1 59 9 25 25
0248_0019_0024_0069_0069.jpg 1 19 24 69 69
0249_0023_0016_0050_0050.jpg 1 23 16 50 50
0250_0031_0008_0028_0028.jpg 1 31 8 28 28
0251_0007_0019_0062_0062.jpg 1 7 19 62 62
0252_0043_0036_0046_0046.jpg 1 43 36 46 46
0253_0021_0018_0067_0067.jpg 1 21 18 67 67
0254_0045_0025_0040_0040.jpg 1 45 25 40 40
0255_0031_0060_0025_0025.jpg 1 31 60 25 25
0256_0024_0012_0032_0032.jpg 1 24 12 32 32
0257_0022_0054_0026_0026.jpg 1 22 54 26 26
0258_0049_0031_0036_0036.jpg 1 49 31 36 36
0259_0050_0039_0036_0036.jpg 1 50 39 36 36
0260_0042_0022_0049_0049.jpg 1 42 22 49 49
0261_0006_0005_0069_0069.jpg 1 6 5 69 69
0262_0050_0046_0023_0023.jpg 1 50 46 23 23
0263_0064_0015_0022_0022.jpg 1 64 15 22 22
0264_0035_0031_0059_0059.jpg 1 35 31 59 59
0265_0045_0039_0021_0021.jpg 1 45 39 21 21
0266_0017_0009_0063_0063.jpg 1 17 9 63 63
0267_0027_0016_0021_0021.jpg 1 27 16 21 21
0268_0028_0042_0025_0025.jpg 1 28 42 25 25
0269_0022_0013_0056_0056.jpg 1 22 13 56 56
0270_0028_0023_0047_0047.jpg 1 28 23 47 47
0271_0032_0004_0060_0060.jpg 1 32 4 60 60
0272_0038_0007_0054_0054.jpg 1 38 7 54 54
0273_0023_0045_0021_0021.jpg 1 23 45 21 21
0274_0019_0016_0063_0063.jpg 1 19 16 63 63
0275_0049_0045_0033_0033.jpg 1 49 45 33 33
0276_0056_0043_0037_0037.jpg 1 56 43 37 37
0277_0025_0017_0069_0069.jpg 1 25 17 69 69
0278_0039_0033_0034_0034.jpg 1 39 33 34 34
0279_0047_0015_0023_0023.jpg 1 47 15 23 23
0280_0016_0008_0031_0031.jpg 1 16 8 31 31
0281_0050_0033_0030_0030.jpg 1 50 33 30 30
0282_0025_0034_0060_0060.jpg 1 25 34 60 60
0283_0013_0008_0031_0031.jpg 1 13 8 31 31
0284_0020_0017_0029_0029.jpg 1 20 17 29 29
0285_0038_0030_0022_0022.jpg 1 38 30 22 22
0286_0033_0009_0028_0028.jpg 1 33 9 28 28
0287_0022_0031_0035_0035.jpg 1 22 31 35 35
0288_0030_0036_0038_0038.jpg 1 30 36 38 38
0289_0018_0021_0025_0025.jpg 1 18 21 25 25
0290_0018_0010_0046_0046.jpg 1 18 10 46 46
0291_0057_0014_0022_0022.jpg 1 57 14 22 22
0292_0019_0045_0044_0044.jpg 1 19 45 44 44
0293_0021_0030_0052_0052.jpg 1 21 30 52 52
0294_0024_0016_0046_0046.jpg 1 24 16 46 46
0295_0069_0008_0021_0021.jpg 1 69 8 21 21
0296_0066_0009_0022_0022.jpg 1 66 9 22 22
0297_0006_0005_0069_0069.jpg 1 6 5 69 69
0298_0020_0020_0068_0068.jpg 1 20 20 68 68
0299_0029_0027_0058_0058.jpg 1 29 27 58 58
0300_0042_0033_0029_0029.jpg 1 42 33 29 29
0301_0038_0044_0036_0036.jpg 1 38 44 36 36
0302_0019_0033_0021_0021.jpg 1 19 33 21 21
0303_0010_0014_0067_0067.jpg 1 10 14 67 67
0304_0008_0014_0063_0063.jpg 1 8 14 63 63
0305_0060_0025_0023_0023.jpg 1 60 25 23 23
0306_0016_0039_0029_0029.jpg 1 16 39 29 29
0307_0035_0028_0049_0049.jpg 1 35 28 49 49
0308_0033_0016_0061_0061.jpg 1 33 16 61 61
0309_0041_0016_0028_0028.jpg 1 41 16 28 28
0310_0011_0017_0036_0036.jpg 1 11 17 36 36
0311_0021_0013_0067_0067.jpg 1 21 13 67 67
0312_0015_0037_0034_0034.jpg 1 15 37 34 34
0313_0042_0045_0045_0045.jpg 1 42 45 45 45
0314_0018_0039_0047_0047.jpg 1 18 39 47 47
0315_0015_0025_0065_0065.jpg 1 15 25 65 65
0316_0045_0049_0020_0020.jpg 1 45 49 20 20
0317_0003_0028_0066_0066.jpg 1 3 28 66 66
0318_0011_0010_0055_0055.jpg 1 11 10 55 55
0319_0058_0035_0028_0028.jpg 1 58 35 28 28
0320_0051_0045_0041_0041.jpg 1 51 45 41 41
0321_0052_0045_0041_0041.jpg 1 52 45 41 41
0322_0030_0059_0028_0028.jpg 1 30 59 28 28
0323_0027_0012_0030_0030.jpg 1 27 12 30 30
0324_0042_0040_0023_0023.jpg 1 42 40 23 23
0325_0034_0008_0054_0054.jpg 1 34 8 54 54
0326_0015_0039_0023_0023.jpg 1 15 39 23 23
0327_0016_0016_0050_0050.jpg 1 16 16 50 50
0328_0019_0010_0036_0036.jpg 1 19 10 36 36
0329_0015_0040_0046_0046.jpg 1 15 40 46 46
0330_0031_0037_0031_0031.jpg 1 31 37 31 31
0331_0007_0028_0060_0060.jpg 1 7 28 60 60
0332_0028_0006_0063_0063.jpg 1 28 6 63 63
0333_0026_0027_0032_0032.jpg 1 26 27 32 32
0334_0036_0030_0055_0055.jpg 1 36 30 55 55
0335_0027_0021_0054_0054.jpg 1 27 21 54 54
0336_0018_0034_0057_0057.jpg 1 18 34 57 57
0337_0062_0061_0022_0022.jpg 1 62 61 22 22
0338_0023_0022_0055_0055.jpg 1 23 22 55 55
0339_0021_0014_0028_0028.jpg 1 21 14 28 28
0340_0033_0026_0051_0051.jpg 1 33 26 51 51
0341_0031_0018_0055_0055.jpg 1 31 18 55 55
0342_0013_0010_0059_0059.jpg 1 13 10 59 59
0343_0028_0007_0064_0064.jpg 1 28 7 64 64
0344_0012_0029_0048_0048.jpg 1 12 29 48 48
0345_0038_0013_0050_0050.jpg 1 38 13 50 50
0346_0063_0036_0023_0023.jpg 1 63 36 23 23
0347_0030_0034_0060_0060.jpg 1 30 34 60 60
0348_0054_0040_0036_0036.jpg 1 54 40 36 36
0349_0015_0019_0063_0063.jpg 1 15 19 63 63
0350_0018_0045_0040_0040.jpg 1 18 45 40 40
0351_0019_0014_0068_0068.jpg 1 19 14 68 68
0352_0031_0035_0036_0036.jpg 1 31 35 36 36
0353_0010_0020_0060_0060.jpg 1 10 20 60 60
0354_0022_0018_0044_0044.jpg 1 22 18 44 44
0355_0004_0025_0060_0060.jpg 1 4 25 60 60
0356_0006_0022_0043_0043.jpg 1 6 22 43 43
0357_0023_0031_0047_0047.jpg 1 23 31 47 47
0358_0026_0048_0041_0041.jpg 1 26 48 41 41
0359_0005_0005_0048_0048.jpg 1 5 5 48 48
0360_0026_0009_0058_0058.jpg 1 26 9 58 58
0361_0062_0046_0028_0028.jpg 1 62 46 28 28
0362_0019_0020_0055_0055.jpg 1 19 20 55 55
0363_0047_0026_0032_0032.jpg 1 47 26 32 32
0364_0008_0016_0056_0056.jpg 1 8 16 56 56
0365_0016_0011_0068_0068.jpg 1 16 11 68 68
0366_0043_0026_0030_0030.jpg 1 43 26 30 30
0367_0056_0034_0021_0021.jpg 1 56 34 21 21
0368_0036_0051_0042_0042.jpg 1 36 51 42 42
0369_0023_0024_0057_0057.jpg 1 23 24 57 57
0370_0007_0017_0059_0059.jpg 1 7 17 59 59
0371_0057_0025_0036_0036.jpg 1 57 25 36 36
0372_0037_0039_0037_0037.jpg 1 37 39 37 37
0373_0015_0026_0023_0023.jpg 1 15 26 23 23
0374_0010_0032_0032_0032.jpg 1 10 32 32 32
0375_0049_0050_0033_0033.jpg 1 49 50 33 33
0376_0055_0018_0035_0035.jpg 1 55 18 35 35
0377_0009_0014_0058_0058.jpg 1 9 14 58 58
0378_0041_0026_0027_0027.jpg 1 41 26 27 27
0379_0026_0012_0068_0068.jpg 1 26 12 68 68
0380_0043_0026_0044_0044.jpg 1 43 26 44 44
0381_0008_0007_0068_0068.jpg 1 8 7 68 68
0382_0012_0048_0044_0044.jpg 1 12 48 44 44
0383_0004_0008_0062_0062.jpg 1 4 8 62 62
0384_0024_0012_0036_0036.jpg 1 24 12 36 36
0385_0060_0060_0020_0020.jpg 1 60 60 20 20
0386_0022_0011_0053_0053.jpg 1 22 11 53 53
0387_0024_0015_0058_0058.jpg 1 24 15 58 58
0388_0033_0020_0025_0025.jpg 1 33 20 25 25
0389_0003_0013_0063_0063.jpg 1 3 13 63 63
0390_0027_0043_0047_0047.jpg 1 27 43 47 47
0391_0031_0031_0038_0038.jpg 1 31 31 38 38
0392_0013_0030_0064_0064.jpg 1 13 30 64 64
0393_0038_0038_0047_0047.jpg 1 38 38 47 47
0394_0018_0038_0037_0037.jpg 1 18 38 37 37
0395_0042_0011_0041_0041.jpg 1 42 11 41 41
0396_0041_0008_0023_0023.jpg 1 41 8 23 23
0397_0040_0026_0040_0040.jpg 1 40 26 40 40
0398_0006_0008_0064_0064.jpg 1 6 8 64 64
0399_0023_0020_0054_0054.jpg 1 23 20 54 54
0400_0035_0026_0057_0057.jpg 1 35 26 57 57
0401_0043_0025_0034_0034.jpg 1 43 25 34 34
0402_0021_0034_0052_0052.jpg 1 21 34 52 52
0403_0024_0020_0053_0053.jpg 1 24 20 53 53
0404_0016_0019_0032_0032.jpg 1 16 19 32 32
0405_0048_0062_0024_0024.jpg 1 48 62 24 24
0406_0022_0032_0055_0055.jpg 1 22 32 55 55
0407_0020_0017_0030_0030.jpg 1 20 17 30 30
0408_0063_0051_0023_0023.jpg 1 63 51 23 23
0409_0036_0035_0026_0026.jpg 1 36 35 26 26
0410_0013_0016_0069_0069.jpg 1 13 16 69 69
0411_0030_0011_0059_0059.jpg 1 30 11 59 59
0412_0013_0041_0027_0027.jpg 1 13 41 27 27
0413_0026_0061_0026_0026.jpg 1 26 61 26 26
0414_0021_0014_0063_0063.jpg 1 21 14 63 63
0415_0027_0027_0069_0069.jpg 1 27 27 69 69
0416_0059_0009_0032_0032.jpg 1 59 9 32 32
0417_0023_0007_0034_0034.jpg 1 23 7 34 34
0418_0037_0034_0055_0055.jpg 1 37 34 55 55
0419_0027_0028_0055_0055.jpg 1 27 28 55 55
0420_0040_0026_0035_0035.jpg 1 40 26 35 35
0421_0037_0029_0026_0026.jpg 1 37 29 26 26
0422_0012_0010_0049_0049.jpg 1 12 10 49 49
0423_0019_0026_0038_0038.jpg 1 19 26 38 38
0424_0034_0031_0051_0051.jpg 1 34 31 51 51
0425_0034_0033_0051_0051.jpg 1 34 33 51 51
0426_0020_0057_0021_0021.jpg 1 20 57 21 21
0427_0020_0038_0055_0055.jpg 1 20 38 55 55
0428_0007_0005_0053_0053.jpg 1 7 5 53 53
0429_0043_0038_0037_0037.jpg 1 43 38 37 37
0430_0016_0008_0022_0022.jpg 1 16 8 22 22
0431_0046_0020_0023_0023.jpg 1 46 20 23 23
0432_0053_0026_0022_0022.jpg 1 53 26 22 22
0433_0029_0006_0063_0063.jpg 1 29 6 63 63
0434_0017_0032_0051_0051.jpg 1 17 32 51 51
0435_0024_0026_0067_0067.jpg 1 24 26 67 67
0436_0006_0035_0045_0045.jpg 1 6 35 45 45
0437_0056_0026_0035_0035.jpg 1 56 26 35 35
0438_0045_0021_0042_0042.jpg 1 45 21 42 42
0439_0015_0005_0065_0065.jpg 1 15 5 65 65
0440_0017_0054_0027_0027.jpg 1 17 54 27 27
0441_0046_0052_0028_0028.jpg 1 46 52 28 28
0442_0015_0040_0041_0041.jpg 1 15 40 41 41
0443_0014_0021_0068_0068.jpg 1 14 21 68 68
0444_0028_0041_0053_0053.jpg 1 28 41 53 53
0445_0019_0015_0035_0035.jpg 1 19 15 35 35
0446_0010_0045_0033_0033.jpg 1 10 45 33 33
0447_0021_0033_0027_0027.jpg 1 21 33 27 27
0448_0030_0016_0059_0059.jpg 1 30 16 59 59
0449_0057_0068_0021_0021.jpg 1 57 68 21 21
0450_0018_0020_0057_0057.jpg 1 18 20 57 57
0451_0059_0061_0025_0025.jpg 1 59 61 25 25
0452_0036_0036_0036_0036.jpg 1 36 36 36 36
0453_0020_0017_0057_0057.jpg 1 20 17 57 57
0454_0052_0067_0025_0025.jpg 1 52 67 25 25
0455_0015_0003_0065_0065.jpg 1 15 3 65 65
0456_0030_0011_0036_0036.jpg 1 30 11 36 36
0457_0063_0021_0026_0026.jpg 1 63 21 26 26
0458_0018_0006_0056_0056.jpg 1 18 6 56 56
0459_0051_0057_0028_0028.jpg 1 51 57 28 28
0460_0018_0006_0051_0051.jpg 1 18 6 51 51
0461_0008_0007_0058_0058.jpg 1 8 7 58 58
0462_0030_0041_0045_0045.jpg 1 30 41 45 45
0463_0008_0030_0040_0040.jpg 1 8 30 40 40
0464_0008_0042_0020_0020.jpg 1 8 42 20 20
0465_0023_0005_0064_0064.jpg 1 23 5 64 64
0466_0038_0018_0054_0054.jpg 1 38 18 54 54
0467_0010_0030_0060_0060.jpg 1 10 30 60 60
0468_0036_0015_0054_0054.jpg 1 36 15 54 54
0469_0022_0034_0049_0049.jpg 1 22 34 49 49
0470_0014_0034_0032_0032.jpg 1 14 34 32 32
0471_0022_0031_0021_0021.jpg 1 22 31 21 21
0472_0008_0013_0061_0061.jpg 1 8 13 61 61
0473_0027_0016_0060_0060.jpg 1 27 16 60 60
0474_0016_0023_0061_0061.jpg 1 16 23 61 61
0475_0022_0010_0064_0064.jpg 1 22 10 64 64
0476_0043_0042_0048_0048.jpg 1 43 42 48 48
0477_0050_0031_0029_0029.jpg 1 50 31 29 29
0478_0006_0018_0061_0061.jpg 1 6 18 61 61
0479_0042_0035_0050_0050.jpg 1 42 35 50 50
0480_0027_0015_0038_0038.jpg 1 27 15 38 38
0481_0046_0022_0033_0033.jpg 1 46 22 33 33
0482_0021_0022_0049_0049.jpg 1 21 22 49 49
0483_0038_0021_0032_0032.jpg 1 38 21 32 32
0484_0030_0038_0043_0043.jpg 1 30 38 43 43
0485_0012_0028_0068_0068.jpg 1 12 28 68 68
0486_0007_0037_0054_0054.jpg 1 7 37 54 54
0487_0059_0032_0029_0029.jpg 1 59 32 29 29
0488_0030_0036_0055_0055.jpg 1 30 36 55 55
0489_0016_0011_0053_0053.jpg 1 16 11 53 53
0490_0036_0010_0055_0055.jpg 1 36 10 55 55
0491_0012_0042_0037_0037.jpg 1 12 42 37 37
0492_0016_0017_0060_0060.jpg 1 16 17 60 60
0493_0021_0015_0037_0037.jpg 1 21 15 37 37
0494_0013_0020_0069_0069.jpg 1 13 20 69 69
0495_0039_0046_0023_0023.jpg 1 39 46 23 23
0496_0017_0019_0050_0050.jpg 1 17 19 50 50
0497_0017_0007_0068_0068.jpg 1 17 7 68 68
0498_0023_0042_0033_0033.jpg 1 23 42 33 33
0499_0010_0016_0057_0057.jpg 1 10 16 57 57
0500_0020_0016_0063_0063.jpg 1 20 16 63 63
0501_0012_0015_0061_0061.jpg 1 12 15 61 61
0502_0030_0016_0053_0053.jpg 1 30 16 53 53
0503_0011_0023_0029_0029.jpg 1 11 23 29 29
0504_0018_0031_0029_0029.jpg 1 18 31 29 29
0505_0022_0012_0053_0053.jpg 1 22 12 53 53
0506_0043_0062_0023_0023.jpg 1 43 62 23 23
0507_0039_0023_0049_0049.jpg 1 39 23 49 49
0508_0014_0007_0048_0048.jpg 1 14 7 48 48
0509_0030_0029_0040_0040.jpg 1 30 29 40 40
0510_0010_0024_0064_0064.jpg 1 10 24 64 64
0511_0043_0007_0040_0040.jpg 1 43 7 40 40
0512_0016_0011_0064_0064.jpg 1 16 11 64 64
0513_0021_0022_0057_0057.jpg 1 21 22 57 57
0514_0042_0032_0047_0047.jpg 1 42 32 47 47
0515_0019_0030_0031_0031.jpg 1 19 30 31 31
0516_0017_0024_0067_0067.jpg 1 17 24 67 67
0517_0024_0040_0045_0045.jpg 1 24 40 45 45
0518_0015_0032_0055_0055.jpg 1 15 32 55 55
0519_0068_0028_0022_0022.jpg 1 68 28 22 22
0520_0009_0019_0066_0066.jpg 1 9 19 66 66
0521_0032_0026_0062_0062.jpg 1 32 26 62 62
0522_0041_0019_0051_0051.jpg 1 41 19 51 51
0523_0029_0006_0047_0047.jpg 1 29 6 47 47
0524_0054_0042_0033_0033.jpg 1 54 42 33 33
0525_0009_0030_0064_0064.jpg 1 9 30 64 64
0526_0039_0009_0055_0055.jpg 1 39 9 55 55
0527_0046_0018_0045_0045.jpg 1 46 18 45 45
0528_0045_0053_0030_0030.jpg 1 45 53 30 30
0529_0028_0011_0068_0068.jpg 1 28 11 68 68
0530_0035_0037_0052_0052.jpg 1 35 37 52 52
0531_0005_0012_0055_0055.jpg 1 5 12 55 55
0532_0034_0012_0048_0048.jpg 1 34 12 48 48
0533_0036_0039_0048_0048.jpg 1 36 39 48 48
0534_0008_0026_0021_0021.jpg 1 8 26 21 21
0535_0031_0010_0051_0051.jpg 1 31 10 51 51
0536_0056_0030_0031_0031.jpg 1 56 30 31 31
0537_0038_0039_0050_0050.jpg 1 38 39 50 50
0538_0013_0056_0034_0034.jpg 1 13 56 34 34
0539_0009_0062_0020_0020.jpg 1 9 62 20 20
0540_0035_0007_0042_0042.jpg 1 35 7 42 42
0541_0032_0007_0040_0040.jpg 1 32 7 40 40
0542_0021_0016_0064_0064.jpg 1 21 16 64 64
0543_0007_0029_0058_0058.jpg 1 7 29 58 58
0544_0019_0009_0053_0053.jpg 1 19 9 53 53
0545_0007_0051_0039_0039.jpg 1 7 51 39 39
0546_0018_0010_0036_0036.jpg 1 18 10 36 36
0547_0014_0021_0049_0049.jpg 1 14 21 49 49
0548_0037_0033_0037_0037.jpg 1 37 33 37 37
0549_0039_0043_0050_0050.jpg 1 39 43 50 50
0550_0014_0018_0024_0024.jpg 1 14 18 24 24
0551_0027_0006_0047_0047.jpg 1 27 6 47 47
0552_0011_0013_0032_0032.jpg 1 11 13 32 32
0553_0026_0039_0032_0032.jpg 1 26 39 32 32
0554_0025_0048_0023_0023.jpg 1 25 48 23 23
0555_0013_0022_0038_0038.jpg 1 13 22 38 38
0556_0019_0019_0054_0054.jpg 1 19 19 54 54
0557_0024_0046_0039_0039.jpg 1 24 46 39 39
0558_0051_0052_0034_0034.jpg 1 51 52 34 34
0559_0043_0030_0041_0041.jpg 1 43 30 41 41
0560_0016_0027_0048_0048.jpg 1 16 27 48 48
0561_0043_0006_0046_0046.jpg 1 43 6 46 46
0562_0005_0009_0069_0069.jpg 1 5 9 69 69
0563_0011_0020_0061_0061.jpg 1 11 20 61 61
0564_0020_0020_0068_0068.jpg 1 20 20 68 68
0565_0009_0032_0064_0064.jpg 1 9 32 64 64
0566_0008_0028_0040_0040.jpg 1 8 28 40 40
0567_0007_0026_0057_0057.jpg 1 7 26 57 57
0568_0031_0019_0060_0060.jpg 1 31 19 60 60
0569_0035_0010_0055_0055.jpg 1 35 10 55 55
0570_0009_0018_0038_0038.jpg 1 9 18 38 38
0571_0020_0007_0047_0047.jpg 1 20 7 47 47
0572_0018_0030_0038_0038.jpg 1 18 30 38 38
0573_0028_0022_0048_0048.jpg 1 28 22 48 48
0574_0037_0009_0027_0027.jpg 1 37 9 27 27
0575_0039_0036_0045_0045.jpg 1 39 36 45 45
0576_0025_0025_0046_0046.jpg 1 25 25 46 46
0577_0014_0032_0032_0032.jpg 1 14 32 32 32
0578_0048_0048_0022_0022.jpg 1 48 48 22 22
0579_0019_0026_0066_0066.jpg 1 19 26 66 66
0580_0021_0009_0066_0066.jpg 1 21 9 66 66
0581_0010_0010_0046_0046.jpg 1 10 10 46 46
0582_0032_0038_0051_0051.jpg 1 32 38 51 51
0583_0011_0008_0035_0035.jpg 1 11 8 35 35
0584_0021_0013_0035_0035.jpg 1 21 13 35 35
0585_0017_0007_0064_0064.jpg 1 17 7 64 64
0586_0016_0008_0067_0067.jpg 1 16 8 67 67
0587_0050_0059_0022_0022.jpg 1 50 59 22 22
0588_0027_0034_0046_0046.jpg 1 27 34 46 46
0589_0035_0031_0054_0054.jpg 1 35 31 54 54
0590_0046_0042_0033_0033.jpg 1 46 42 33 33
0591_0020_0011_0061_0061.jpg 1 20 11 61 61
0592_0007_0012_0063_0063.jpg 1 7 12 63 63
0593_0049_0009_0036_0036.jpg 1 49 9 36 36
0594_0011_0017_0058_0058.jpg 1 11 17 58 58
0595_0026_0011_0045_0045.jpg 1 26 11 45 45
0596_0041_0010_0042_0042.jpg 1 41 10 42 42
0597_0006_0018_0068_0068.jpg 1 6 18 68 68
0598_0015_0009_0051_0051.jpg 1 15 9 51 51
0599_0030_0019_0038_0038.jpg 1 30 19 38 38
0600_0023_0007_0052_0052.jpg 1 23 7 52 52
0601_0042_0046_0024_0024.jpg 1 42 46 24 24
0602_0061_0048_0023_0023.jpg 1 61 48 23 23
0603_0008_0017_0062_0062.jpg 1 8 17 62 62
0604_0063_0051_0021_0021.jpg 1 63 51 21 21
0605_0024_0043_0050_0050.jpg 1 24 43 50 50
0606_0040_0037_0052_0052.jpg 1 40 37 52 52
0607_0018_0032_0044_0044.jpg 1 18 32 44 44
0608_0016_0061_0023_0023.jpg 1 16 61 23 23
0609_0024_0015_0069_0069.jpg 1 24 15 69 69
0610_0011_0031_0023_0023.jpg 1 11 31 23 23
0611_0024_0005_0049_0049.jpg 1 24 5 49 49
0612_0049_0025_0045_0045.jpg 1 49 25 45 45
0613_0020_0037_0032_0032.jpg 1 20 37 32 32
0614_0053_0016_0037_0037.jpg 1 53 16 37 37
0615_0041_0014_0030_0030.jpg 1 41 14 30 30
0616_0020_0068_0022_0022.jpg 1 20 68 22 22
0617_0020_0022_0024_0024.jpg 1 20 22 24 24
0618_0026_0037_0038_0038.jpg 1 26 37 38 38
0619_0030_0038_0026_0026.jpg 1 30 38 26 26
0620_0007_0031_0046_0046.jpg 1 7 31 46 46
0621_0035_0045_0043_0043.jpg 1 35 45 43 43
0622_0018_0022_0033_0033.jpg 1 18 22 33 33
0623_0007_0018_0061_0061.jpg 1 7 18 61 61
0624_0028_0015_0063_0063.jpg 1 28 15 63 63
0625_0027_0026_0053_0053.jpg 1 27 26 53 53
0626_0029_0023_0049_0049.jpg 1 29 23 49 49
0627_0008_0019_0033_0033.jpg 1 8 19 33 33
0628_0014_0018_0056_0056.jpg 1 14 18 56 56
0629_0021_0036_0024_0024.jpg 1 21 36 24 24
0630_0013_0011_0067_0067.jpg 1 13 11 67 67
0631_0011_0013_0049_0049.jpg 1 11 13 49 49
0632_0037_0032_0053_0053.jpg 1 37 32 53 53
0633_0034_0020_0039_0039.jpg 1 34 20 39 39
0634_0005_0015_0063_0063.jpg 1 5 15 63 63
0635_0056_0067_0020_0020.jpg 1 56 67 20 20
0636_0062_0061_0027_0027.jpg 1 62 61 27 27
0637_0008_0038_0050_0050.jpg 1 8 38 50 50
0638_0021_0027_0048_0048.jpg 1 21 27 48 48
0639_0038_0027_0032_0032.jpg 1 38 27 32 32
0640_0035_0030_0043_0043.jpg 1 35 30 43 43
0641_0015_0023_0063_0063.jpg 1 15 23 63 63
0642_0037_0037_0055_0055.jpg 1 37 37 55 55
0643_0020_0012_0067_0067.jpg 1 20 12 67 67
0644_0018_0025_0056_0056.jpg 1 18 25 56 56
0645_0032_0005_0063_0063.jpg 1 32 5 63 63
0646_0041_0023_0029_0029.jpg 1 41 23 29 29
0647_0008_0020_0061_0061.jpg 1 8 20 61 61
0648_0029_0023_0067_0067.jpg 1 29 23 67 67
0649_0027_0044_0031_0031.jpg 1 27 44 31 31
0650_0021_0031_0057_0057.jpg 1 21 31 57 57
0651_0022_0010_0049_0049.jpg 1 22 10 49 49
0652_0039_0012_0030_0030.jpg 1 39 12 30 30
0653_0030_0046_0047_0047.jpg 1 30 46 47 47
0654_0033_0065_0024_0024.jpg 1 33 65 24 24
0655_0041_0012_0040_0040.jpg 1 41 12 40 40
0656_0015_0024_0046_0046.jpg 1 15 24 46 46
0657_0027_0020_0020_0020.jpg 1 27 20 20 20
0658_0037_0048_0036_0036.jpg 1 37 48 36 36
0659_0018_0053_0037_0037.jpg 1 18 53 37 37
0660_0016_0016_0032_0032.jpg 1 16 16 32 32
0661_0013_0029_0051_0051.jpg 1 13 29 51 51
0662_0022_0011_0040_0040.jpg 1 22 11 40 40
0663_0016_0024_0063_0063.jpg 1 16 24 63 63
0664_0014_0019_0049_0049.jpg 1 14 19 49 49
0665_0014_0047_0045_0045.jpg 1 14 47 45 45
0666_0008_0027_0047_0047.jpg 1 8 27 47 47
0667_0029_0022_0042_0042.jpg 1 29 22 42 42
0668_0046_0055_0026_0026.jpg 1 46 55 26 26
0669_0019_0021_0066_0066.jpg 1 19 21 66 66
0670_0026_0030_0060_0060.jpg 1 26 30 60 60
0671_0050_0049_0034_0034.jpg 1 50 49 34 34
0672_0010_0018_0055_0055.jpg 1 10 18 55 55
0673_0009_0046_0026_0026.jpg 1 9 46 26 26
0674_0019_0019_0043_0043.jpg 1 19 19 43 43
0675_0013_0041_0043_0043.jpg 1 13 41 43 43
0676_0035_0013_0026_0026.jpg 1 35 13 26 26
0677_0055_0040_0031_0031.jpg 1 55 40 31 31
0678_0030_0028_0020_0020.jpg 1 30 28 20 20
0679_0021_0032_0045_0045.jpg 1 21 32 45 45
0680_0035_0032_0056_0056.jpg 1 35 32 56 56
0681_0018_0060_0031_0031.jpg 1 18 60 31 31
0682_0032_0008_0045_0045.jpg 1 32 8 45 45
0683_0015_0029_0059_0059.jpg 1 15 29 59 59
0684_0010_0018_0069_0069.jpg 1 10 18 69 69
0685_0039_0029_0051_0051.jpg 1 39 29 51 51
0686_0006_0015_0056_0056.jpg 1 6 15 56 56
0687_0038_0011_0041_0041.jpg 1 38 11 41 41
0688_0021_0008_0068_0068.jpg 1 21 8 68 68
0689_0023_0059_0025_0025.jpg 1 23 59 25 25
0690_0061_0047_0026_0026.jpg 1 61 47 26 26
0691_0011_0007_0044_0044.jpg 1 11 7 44 44
0692_0029_0029_0064_0064.jpg 1 29 29 64 64
0693_0029_0025_0052_0052.jpg 1 29 25 52 52
0694_0056_0047_0033_0033.jpg 1 56 47 33 33
0695_0016_0063_0023_0023.jpg 1 16 63 23 23
0696_0040_0038_0050_0050.jpg 1 40 38 50 50
0697_0013_0065_0021_0021.jpg 1 13 65 21 21
0698_0041_0030_0021_0021.jpg 1 41 30 21 21
0699_0013_0017_0052_0052.jpg 1 13 17 52 52
0700_0022_0048_0028_0028.jpg 1 22 48 28 28
0701_0056_0059_0025_0025.jpg 1 56 59 25 25
0702_0027_0007_0061_0061.jpg 1 27 7 61 61
0703_0054_0010_0038_0038.jpg 1 54 10 38 38
0704_0013_0014_0068_0068.jpg 1 13 14 68 68
0705_0043_0032_0035_0035.jpg 1 43 32 35 35
0706_0007_0024_0065_0065.jpg 1 7 24 65 65
0707_0007_0007_0058_0058.jpg 1 7 7 58 58
0708_0006_0021_0053_0053.jpg 1 6 21 53 53
0709_0057_0033_0022_0022.jpg 1 57 33 22 22
0710_0007_0010_0065_0065.jpg 1 7 10 65 65
0711_0016_0010_0068_0068.jpg 1 16 10 68 68
0712_0030_0018_0056_0056.jpg 1 30 18 56 56
0713_0055_0058_0030_0030.jpg 1 55 58 30 30
0714_0027_0040_0048_0048.jpg 1 27 40 48 48
0715_0018_0047_0026_0026.jpg 1 18 47 26 26
0716_0010_0024_0062_0062.jpg 1 10 24 62 62
0717_0017_0008_0039_0039.jpg 1 17 8 39 39
0718_0024_0033_0059_0059.jpg 1 24 33 59 59
0719_0018_0021_0045_0045.jpg 1 18 21 45 45
0720_0029_0039_0035_0035.jpg 1 29 39 35 35
0721_0029_0021_0065_0065.jpg 1 29 21 65 65
0722_0027_0036_0033_0033.jpg 1 27 36 33 33
0723_0051_0054_0023_0023.jpg 1 51 54 23 23
0724_0026_0034_0042_0042.jpg 1 26 34 42 42
0725_0022_0035_0059_0059.jpg 1 22 35 59 59
0726_0032_0029_0058_0058.jpg 1 32 29 58 58
0727_0042_0017_0052_0052.jpg 1 42 17 52 52
0728_0013_0029_0066_0066.jpg 1 13 29 66 66
0729_0008_0037_0033_0033.jpg 1 8 37 33 33
0730_0035_0036_0057_0057.jpg 1 35 36 57 57
0731_0038_0027_0025_0025.jpg 1 38 27 25 25
0732_0027_0051_0026_0026.jpg 1 27 51 26 26
0733_0025_0023_0069_0069.jpg 1 25 23 69 69
0734_0037_0047_0033_0033.jpg 1 37 47 33 33
0735_0021_0013_0030_0030.jpg 1 21 13 30 30
0736_0024_0023_0060_0060.jpg 1 24 23 60 60
0737_0023_0020_0069_0069.jpg 1 23 20 69 69
0738_0013_0054_0037_0037.jpg 1 13 54 37 37
0739_0031_0018_0054_0054.jpg 1 31 18 54 54
0740_0007_0040_0034_0034.jpg 1 7 40 34 34
0741_0022_0027_0030_0030.jpg 1 22 27 30 30
0742_0030_0020_0061_0061.jpg 1 30 20 61 61
0743_0029_0009_0055_0055.jpg 1 29 9 55 55
0744_0027_0026_0047_0047.jpg 1 27 26 47 47
0745_0054_0039_0030_0030.jpg 1 54 39 30 30
0746_0037_0007_0054_0054.jpg 1 37 7 54 54
0747_0020_0018_0048_0048.jpg 1 20 18 48 48
0748_0018_0028_0060_0060.jpg 1 18 28 60 60
0749_0019_0016_0057_0057.jpg 1 19 16 57 57
0750_0026_0011_0057_0057.jpg 1 26 11 57 57
0751_0014_0016_0066_0066.jpg 1 14 16 66 66
0752_0025_0025_0047_0047.jpg 1 25 25 47 47
0753_0023_0019_0068_0068.jpg 1 23 19 68 68
0754_0009_0059_0027_0027.jpg 1 9 59 27 27
0755_0045_0033_0026_0026.jpg 1 45 33 26 26
0756_0025_0024_0033_0033.jpg 1 25 24 33 33
0757_0034_0028_0022_0022.jpg 1 34 28 22 22
0758_0033_0037_0050_0050.jpg 1 33 37 50 50
0759_0011_0050_0025_0025.jpg 1 11 50 25 25
0760_0044_0037_0044_0044.jpg 1 44 37 44 44
0761_0024_0021_0048_0048.jpg 1 24 21 48 48
0762_0024_0022_0057_0057.jpg 1 24 22 57 57
0763_0031_0033_0048_0048.jpg 1 31 33 48 48
0764_0029_0013_0057_0057.jpg 1 29 13 57 57
0765_0009_0030_0038_0038.jpg 1 9 30 38 38
0766_0016_0006_0065_0065.jpg 1 16 6 65 65
0767_0025_0024_0037_0037.jpg 1 25 24 37 37
0768_0013_0010_0069_0069.jpg 1 13 10 69 69
0769_0021_0025_0061_0061.jpg 1 21 25 61 61
0770_0025_0018_0049_0049.jpg 1 25 18 49 49
0771_0004_0012_0059_0059.jpg 1 4 12 59 59
0772_0045_0026_0031_0031.jpg 1 45 26 31 31
0773_0019_0035_0043_0043.jpg 1 19 35 43 43
0774_0011_0024_0064_0064.jpg 1 11 24 64 64
0775_0045_0021_0037_0037.jpg 1 45 21 37 37
0776_0032_0044_0023_0023.jpg 1 32 44 23 23
0777_0012_0021_0039_0039.jpg 1 12 21 39 39
0778_0022_0049_0043_0043.jpg 1 22 49 43 43
0779_0017_0042_0040_0040.jpg 1 17 42 40 40
0780_0027_0045_0040_0040.jpg 1 27 45 40 40
0781_0017_0026_0034_0034.jpg 1 17 26 34 34
0782_0008_0030_0060_0060.jpg 1 8 30 60 60
0783_0059_0007_0029_0029.jpg 1 59 7 29 29
0784_0059_0041_0020_0020.jpg 1 59 41 20 20
0785_0011_0024_0059_0059.jpg 1 11 24 59 59
0786_0031_0013_0059_0059.jpg 1 31 13 59 59
0787_0017_0036_0027_0027.jpg 1 17 36 27 27
0788_0040_0015_0028_0028.jpg 1 40 15 28 28
0789_0018_0029_0065_0065.jpg 1 18 29 65 65
0790_0026_0004_0069_0069.jpg 1 26 4 69 69
0791_0026_0038_0048_0048.jpg 1 26 38 48 48
0792_0025_0023_0059_0059.jpg 1 25 23 59 59
0793_0052_0028_0039_0039.jpg 1 52 28 39 39
0794_0017_0012_0047_0047.jpg 1 17 12 47 47
0795_0011_0023_0035_0035.jpg 1 11 23 35 35
0796_0043_0012_0030_0030.jpg 1 43 12 30 30
0797_0057_0046_0029_0029.jpg 1 57 46 29 29
0798_0049_0059_0025_0025.jpg 1 49 59 25 25
0799_0044_0032_0031_0031.jpg 1 44 32 31 31
0800_0034_0033_0031_0031.jpg 1 34 33 31 31
0801_0021_0023_0041_0041.jpg 1 21 23 41 41
0802_0025_0031_0030_0030.jpg 1 25 31 30 30
0803_0034_0031_0061_0061.jpg 1 34 31 61 61
0804_0022_0011_0041_0041.jpg 1 22 11 41 41
0805_0004_0007_0055_0055.jpg 1 4 7 55 55
0806_0054_0007_0039_0039.jpg 1 54 7 39 39
0807_0028_0030_0065_0065.jpg 1 28 30 65 65
0808_0015_0033_0058_0058.jpg 1 15 33 58 58
0809_0010_0030_0060_0060.jpg 1 10 30 60 60
0810_0041_0049_0041_0041.jpg 1 41 49 41 41
0811_0038_0015_0052_0052.jpg 1 38 15 52 52
0812_0017_0032_0048_0048.jpg 1 17 32 48 48
0813_0018_0009_0048_0048.jpg 1 18 9 48 48
0814_0012_0019_0049_0049.jpg 1 12 19 49 49
0815_0046_0027_0047_0047.jpg 1 46 27 47 47
0816_0015_0045_0045_0045.jpg 1 15 45 45 45
0817_0009_0033_0055_0055.jpg 1 9 33 55 55
0818_0027_0014_0062_0062.jpg 1 27 14 62 62
0819_0022_0024_0055_0055.jpg 1 22 24 55 55
0820_0010_0035_0058_0058.jpg 1 10 35 58 58
0821_0027_0038_0057_0057.jpg 1 27 38 57 57
0822_0012_0025_0066_0066.jpg 1 12 25 66 66
0823_0022_0022_0063_0063.jpg 1 22 22 63 63
0824_0032_0020_0053_0053.jpg 1 32 20 53 53
0825_0008_0023_0061_0061.jpg 1 8 23 61 61
0826_0004_0020_0066_0066.jpg 1 4 20 66 66
0827_0035_0017_0051_0051.jpg 1 35 17 51 51
0828_0009_0011_0048_0048.jpg 1 9 11 48 48
0829_0017_0021_0055_0055.jpg 1 17 21 55 55
0830_0011_0012_0067_0067.jpg 1 11 12 67 67
0831_0005_0027_0054_0054.jpg 1 5 27 54 54
0832_0035_0030_0030_0030.jpg 1 35 30 30 30
0833_0015_0006_0063_0063.jpg 1 15 6 63 63
0834_0008_0015_0067_0067.jpg 1 8 15 67 67
0835_0024_0047_0028_0028.jpg 1 24 47 28 28
0836_0011_0012_0033_0033.jpg 1 11 12 33 33
0837_0007_0036_0051_0051.jpg 1 7 36 51 51
0838_0015_0014_0056_0056.jpg 1 15 14 56 56
0839_0062_0067_0025_0025.jpg 1 62 67 25 25
0840_0012_0053_0039_0039.jpg 1 12 53 39 39
0841_0007_0007_0058_0058.jpg 1 7 7 58 58
0842_0035_0009_0054_0054.jpg 1 35 9 54 54
0843_0027_0031_0045_0045.jpg 1 27 31 45 45
0844_0010_0021_0069_0069.jpg 1 10 21 69 69
0845_0017_0022_0020_0020.jpg 1 17 22 20 20
0846_0028_0031_0056_0056.jpg 1 28 31 56 56
0847_0053_0011_0038_0038.jpg 1 53 11 38 38
0848_0049_0044_0041_0041.jpg 1 49 44 41 41
0849_0015_0013_0066_0066.jpg 1 15 13 66 66
0850_0008_0052_0036_0036.jpg 1 8 52 36 36
0851_0022_0023_0030_0030.jpg 1 22 23 30 30
0852_0004_0007_0064_0064.jpg 1 4 7 64 64
0853_0055_0061_0020_0020.jpg 1 55 61 20 20
0854_0019_0024_0069_0069.jpg 1 19 24 69 69
0855_0013_0009_0068_0068.jpg 1 13 9 68 68
0856_0029_0030_0046_0046.jpg 1 29 30 46 46
0857_0010_0014_0069_0069.jpg 1 10 14 69 69
0858_0027_0070_0020_0020.jpg 1 27 70 20 20
0859_0005_0042_0050_0050.jpg 1 5 42 50 50
0860_0032_0049_0022_0022.jpg 1 32 49 22 22
0861_0044_0015_0024_0024.jpg 1 44 15 24 24
0862_0032_0028_0059_0059.jpg 1 32 28 59 59
0863_0012_0014_0047_0047.jpg 1 12 14 47 47
0864_0040_0036_0051_0051.jpg 1 40 36 51 51
0865_0027_0009_0044_0044.jpg 1 27 9 44 44
0866_0035_0031_0044_0044.jpg 1 35 31 44 44
0867_0021_0029_0061_0061.jpg 1 21 29 61 61
0868_0027_0050_0021_0021.jpg 1 27 50 21 21
0869_0032_0030_0039_0039.jpg 1 32 30 39 39
0870_0024_0041_0038_0038.jpg 1 24 41 38 38
0871_0062_0053_0023_0023.jpg 1 62 53 23 23
0872_0012_0033_0033_0033.jpg 1 12 33 33 33
0873_0004_0028_0056_0056.jpg 1 4 28 56 56
0874_0018_0003_0067_0067.jpg 1 18 3 67 67
0875_0033_0026_0055_0055.jpg 1 33 26 55 55
0876_0027_0024_0032_0032.jpg 1 27 24 32 32
0877_0034_0032_0038_0038.jpg 1 34 32 38 38
0878_0018_0039_0047_0047.jpg 1 18 39 47 47
0879_0015_0031_0058_0058.jpg 1 15 31 58 58
0880_0013_0046_0024_0024.jpg 1 13 46 24 24
0881_0008_0050_0022_0022.jpg 1 8 50 22 22
0882_0043_0036_0051_0051.jpg 1 43 36 51 51
0883_0016_0039_0028_0028.jpg 1 16 39 28 28
0884_0036_0013_0056_0056.jpg 1 36 13 56 56
0885_0012_0023_0044_0044.jpg 1 12 23 44 44
0886_0025_0043_0044_0044.jpg 1 25 43 44 44
0887_0027_0007_0028_0028.jpg 1 27 7 28 28
0888_0016_0025_0068_0068.jpg 1 16 25 68 68
0889_0032_0013_0054_0054.jpg 1 32 13 54 54
0890_0012_0005_0064_0064.jpg 1 12 5 64 64
0891_0044_0027_0034_0034.jpg 1 44 27 34 34
0892_0022_0060_0020_0020.jpg 1 22 60 20 20
0893_0025_0038_0056_0056.jpg 1 25 38 56 56
0894_0033_0037_0031_0031.jpg 1 33 37 31 31
0895_0036_0059_0030_0030.jpg 1 36 59 30 30
0896_0045_0063_0028_0028.jpg 1 45 63 28 28
0897_0032_0065_0023_0023.jpg 1 32 65 23 23
0898_0010_0024_0058_0058.jpg 1 10 24 58 58
0899_0020_0021_0068_0068.jpg 1 20 21 68 68
0900_0034_0019_0059_0059.jpg 1 34 19 59 59
0901_0058_0015_0029_0029.jpg 1 58 15 29 29
0902_0024_0020_0031_0031.jpg 1 24 20 31 31
0903_0049_0022_0044_0044.jpg 1 49 22 44 44
0904_0057_0061_0028_0028.jpg 1 57 61 28 28
0905_0010_0040_0054_0054.jpg 1 10 40 54 54
0906_0017_0051_0042_0042.jpg 1 17 51 42 42
0907_0023_0033_0057_0057.jpg 1 23 33 57 57
0908_0027_0011_0036_0036.jpg 1 27 11 36 36
0909_0023_0063_0029_0029.jpg 1 23 63 29 29
0910_0007_0036_0030_0030.jpg 1 7 36 30 30
0911_0029_0009_0067_0067.jpg 1 29 9 67 67
0912_0049_0034_0043_0043.jpg 1 49 34 43 43
0913_0020_0004_0069_0069.jpg 1 20 4 69 69
0914_0030_0009_0060_0060.jpg 1 30 9 60 60
0915_0020_0035_0029_0029.jpg 1 20 35 29 29
0916_0018_0027_0041_0041.jpg 1 18 27 41 41
0917_0063_0026_0029_0029.jpg 1 63 26 29 29
0918_0048_0039_0040_0040.jpg 1 48 39 40 40
0919_0023_0025_0060_0060.jpg 1 23 25 60 60
0920_0043_0014_0040_0040.jpg 1 43 14 40 40
0921_0046_0033_0041_0041.jpg 1 46 33 41 41
0922_0009_0065_0024_0024.jpg 1 9 65 24 24
0923_0026_0007_0066_0066.jpg 1 26 7 66 66
0924_0009_0019_0056_0056.jpg 1 9 19 56 56
0925_0021_0024_0051_0051.jpg 1 21 24 51 51
0926_0030_0012_0039_0039.jpg 1 30 12 39 39
0927_0051_0054_0036_0036.jpg 1 51 54 36 36
0928_0056_0060_0031_0031.jpg 1 56 60 31 31
0929_0018_0017_0043_0043.jpg 1 18 17 43 43
0930_0007_0040_0052_0052.jpg 1 7 40 52 52
0931_0015_0020_0063_0063.jpg 1 15 20 63 63
0932_0026_0017_0033_0033.jpg 1 26 17 33 33
0933_0018_0015_0068_0068.jpg 1 18 15 68 68
0934_0015_0041_0033_0033.jpg 1 15 41 33 33
0935_0021_0006_0049_0049.jpg 1 21 6 49 49
0936_0019_0007_0051_0051.jpg 1 19 7 51 51
0937_0026_0007_0030_0030.jpg 1 26 7 30 30
0938_0015_0040_0054_0054.jpg 1 15 40 54 54
0939_0024_0007_0054_0054.jpg 1 24 7 54 54
0940_0027_0023_0036_0036.jpg 1 27 23 36 36
0941_0030_0008_0066_0066.jpg 1 30 8 66 66
0942_0028_0030_0057_0057.jpg 1 28 30 57 57
0943_0030_0004_0060_0060.jpg 1 30 4 60 60
0944_0012_0042_0036_0036.jpg 1 12 42 36 36
0945_0046_0023_0026_0026.jpg 1 46 23 26 26
0946_0024_0009_0067_0067.jpg 1 24 9 67 67
0947_0016_0031_0058_0058.jpg 1 16 31 58 58
0948_0033_0031_0062_0062.jpg 1 33 31 62 62
0949_0059_0014_0031_0031.jpg 1 59 14 31 31
0950_0011_0018_0051_0051.jpg 1 11 18 51 51
0951_0025_0012_0029_0029.jpg 1 25 12 29 29
0952_0028_0014_0037_0037.jpg 1 28 14 37 37
0953_0066_0036_0021_0021.jpg 1 66 36 21 21
0954_0004_0010_0063_0063.jpg 1 4 10 63 63
0955_0027_0022_0054_0054.jpg 1 27 22 54 54
0956_0033_0012_0038_0038.jpg 1 33 12 38 38
0957_0016_0018_0069_0069.jpg 1 16 18 69 69
0958_0051_0010_0023_0023.jpg 1 51 10 23 23
0959_0038_0018_0026_0026.jpg 1 38 18 26 26
0960_0009_0038_0048_0048.jpg 1 9 38 48 48
0961_0027_0027_0065_0065.jpg 1 27 27 65 65
0962_0013_0037_0047_0047.jpg 1 13 37 47 47
0963_0024_0016_0059_0059.jpg 1 24 16 59 59
0964_0052_0044_0038_0038.jpg 1 52 44 38 38
0965_0038_0024_0021_0021.jpg 1 38 24 21 21
0966_0008_0047_0038_0038.jpg 1 8 47 38 38
0967_0012_0024_0055_0055.jpg 1 12 24 55 55
0968_0022_0010_0068_0068.jpg 1 22 10 68 68
0969_0045_0012_0026_0026.jpg 1 45 12 26 26
0970_0029_0006_0063_0063.jpg 1 29 6 63 63
0971_0067_0050_0021_0021.jpg 1 67 50 21 21
0972_0060_0030_0025_0025.jpg 1 60 30 25 25
0973_0053_0019_0030_0030.jpg 1 53 19 30 30
0974_0019_0025_0036_0036.jpg 1 19 25 36 36
0975_0024_0029_0045_0045.jpg 1 24 29 45 45
0976_0005_0017_0058_0058.jpg 1 5 17 58 58
0977_0032_0058_0031_0031.jpg 1 32 58 31 31
0978_0043_0037_0039_0039.jpg 1 43 37 39 39
0979_0010_0025_0062_0062.jpg 1 10 25 62 62
0980_0012_0035_0038_0038.jpg 1 12 35 38 38
0981_0008_0026_0065_0065.jpg 1 8 26 65 65
0982_0021_0026_0068_0068.jpg 1 21 26 68 68
0983_0011_0017_0036_0036.jpg 1 11 17 36 36
0984_0046_0046_0033_0033.jpg 1 46 46 33 33
0985_0015_0021_0062_0062.jpg 1 15 21 62 62
0986_0054_0007_0023_0023.jpg 1 54 7 23 23
0987_0007_0016_0035_0035.jpg 1 7 16 35 35
0988_0019_0043_0022_0022.jpg 1 19 43 22 22
0989_0026_0012_0040_0040.jpg 1 26 12 40 40
0990_0036_0010_0043_0043.jpg 1 36 10 43 43
0991_0029_0051_0038_0038.jpg 1 29 51 38 38
0992_0024_0012_0047_0047.jpg 1 24 12 47 47
0993_0022_0038_0044_0044.jpg 1 22 38 44 44
0994_0028_0021_0059_0059.jpg 1 28 21 59 59
0995_0070_0018_0020_0020.jpg 1 70 18 20 20
0996_0066_0027_0024_0024.jpg 1 66 27 24 24
0997_0015_0021_0061_0061.jpg 1 15 21 61 61
0998_0025_0025_0064_0064.jpg 1 25 25 64 64
0999_0042_0032_0044_0044.jpg 1 42 32 44 44
1000_0003_0003_0069_0069.jpg 1 3 3 69 69
1001_0030_0016_0051_0051.jpg 1 30 16 51 51
1002_0023_0040_0043_0043.jpg 1 23 40 43 43
1003_0055_0030_0025_0025.jpg 1 55 30 25 25
1004_0019_0051_0025_0025.jpg 1 19 51 25 25
1005_0059_0054_0031_0031.jpg 1 59 54 31 31
1006_0007_0034_0049_0049.jpg 1 7 34 49 49
1007_0010_0028_0058_0058.jpg 1 10 28 58 58
1008_0043_0043_0031_0031.jpg 1 43 43 31 31
1009_0032_0037_0036_0036.jpg 1 32 37 36 36
1010_0028_0011_0032_0032.jpg 1 28 11 32 32
1011_0008_0031_0061_0061.jpg 1 8 31 61 61
1012_0020_0041_0025_0025.jpg 1 20 41 25 25
1013_0029_0026_0024_0024.jpg 1 29 26 24 24
1014_0045_0063_0024_0024.jpg 1 45 63 24 24
1015_0016_0026_0023_0023.jpg 1 16 26 23 23
1016_0021_0024_0038_0038.jpg 1 21 24 38 38
1017_0047_0048_0041_0041.jpg 1 47 48 41 41
1018_0016_0030_0056_0056.jpg 1 16 30 56 56
1019_0023_0005_0069_0069.jpg 1 23 5 69 69
1020_0024_0025_0055_0055.jpg 1 24 25 55 55
1021_0015_0027_0064_0064.jpg 1 15 27 64 64
1022_0025_0022_0064_0064.jpg 1 25 22 64 64
1023_0011_0015_0067_0067.jpg 1 11 15 67 67
1024_0038_0013_0052_0052.jpg 1 38 13 52 52
1025_0026_0018_0061_0061.jpg 1 26 18 61 61
1026_0024_0035_0024_0024.jpg 1 24 35 24 24
1027_0013_0027_0052_0052.jpg 1 13 27 52 52
1028_0010_0025_0068_0068.jpg 1 10 25 68 68
1029_0019_0044_0029_0029.jpg 1 19 44 29 29
1030_0043_0038_0049_0049.jpg 1 43 38 49 49
1031_0013_0009_0038_0038.jpg 1 13 9 38 38
1032_0032_0018_0039_0039.jpg 1 32 18 39 39
1033_0050_0060_0028_0028.jpg 1 50 60 28 28
1034_0008_0022_0062_0062.jpg 1 8 22 62 62
1035_0038_0027_0047_0047.jpg 1 38 27 47 47
1036_0020_0024_0032_0032.jpg 1 20 24 32 32
1037_0013_0050_0024_0024.jpg 1 13 50 24 24
1038_0036_0037_0055_0055.jpg 1 36 37 55 55
1039_0008_0035_0042_0042.jpg 1 8 35 42 42
1040_0025_0013_0044_0044.jpg 1 25 13 44 44
1041_0036_0004_0059_0059.jpg 1 36 4 59 59
1042_0006_0037_0049_0049.jpg 1 6 37 49 49
1043_0034_0047_0046_0046.jpg 1 34 47 46 46
1044_0024_0026_0057_0057.jpg 1 24 26 57 57
1045_0004_0013_0055_0055.jpg 1 4 13 55 55
1046_0021_0040_0055_0055.jpg 1 21 40 55 55
1047_0011_0041_0020_0020.jpg 1 11 41 20 20
1048_0010_0051_0040_0040.jpg 1 10 51 40 40
1049_0032_0040_0025_0025.jpg 1 32 40 25 25
1050_0005_0013_0065_0065.jpg 1 5 13 65 65
1051_0023_0022_0069_0069.jpg 1 23 22 69 69
1052_0015_0064_0024_0024.jpg 1 15 64 24 24
1053_0032_0051_0031_0031.jpg 1 32 51 31 31
1054_0010_0044_0050_0050.jpg 1 10 44 50 50
1055_0012_0024_0068_0068.jpg 1 12 24 68 68
1056_0007_0013_0045_0045.jpg 1 7 13 45 45
1057_0062_0018_0023_0023.jpg 1 62 18 23 23
1058_0044_0031_0038_0038.jpg 1 44 31 38 38
1059_0014_0021_0068_0068.jpg 1 14 21 68 68
1060_0043_0051_0027_0027.jpg 1 43 51 27 27
1061_0025_0024_0068_0068.jpg 1 25 24 68 68
1062_0013_0006_0060_0060.jpg 1 13 6 60 60
1063_0048_0024_0039_0039.jpg 1 48 24 39 39
1064_0053_0052_0040_0040.jpg 1 53 52 40 40
1065_0012_0030_0065_0065.jpg 1 12 30 65 65
1066_0064_0023_0022_0022.jpg 1 64 23 22 22
1067_0029_0028_0048_0048.jpg 1 29 28 48 48
1068_0005_0030_0058_0058.jpg 1 5 30 58 58
1069_0053_0017_0026_0026.jpg 1 53 17 26 26
1070_0028_0024_0049_0049.jpg 1 28 24 49 49
1071_0017_0016_0069_0069.jpg 1 17 16 69 69
1072_0011_0052_0033_0033.jpg 1 11 52 33 33
1073_0021_0036_0041_0041.jpg 1 21 36 41 41
1074_0017_0013_0064_0064.jpg 1 17 13 64 64
1075_0023_0027_0050_0050.jpg 1 23 27 50 50
1076_0029_0031_0043_0043.jpg 1 29 31 43 43
1077_0006_0022_0055_0055.jpg 1 6 22 55 55
1078_0038_0017_0050_0050.jpg 1 38 17 50 50
1079_0052_0011_0037_0037.jpg 1 52 11 37 37
1080_0019_0030_0054_0054.jpg 1 19 30 54 54
1081_0035_0015_0036_0036.jpg 1 35 15 36 36
1082_0044_0019_0047_0047.jpg 1 44 19 47 47
1083_0020_0046_0047_0047.jpg 1 20 46 47 47
1084_0016_0039_0046_0046.jpg 1 16 39 46 46
1085_0034_0005_0046_0046.jpg 1 34 5 46 46
1086_0015_0011_0069_0069.jpg 1 15 11 69 69
1087_0057_0042_0020_0020.jpg 1 57 42 20 20
1088_0020_0051_0038_0038.jpg 1 20 51 38 38
1089_0015_0015_0031_0031.jpg 1 15 15 31 31
1090_0009_0017_0020_0020.jpg 1 9 17 20 20
1091_0014_0040_0040_0040.jpg 1 14 40 40 40
1092_0007_0011_0064_0064.jpg 1 7 11 64 64
1093_0015_0029_0053_0053.jpg 1 15 29 53 53
1094_0040_0063_0025_0025.jpg 1 40 63 25 25
1095_0035_0033_0041_0041.jpg 1 35 33 41 41
1096_0021_0011_0069_0069.jpg 1 21 11 69 69
1097_0005_0013_0062_0062.jpg 1 5 13 62 62
1098_0042_0032_0021_0021.jpg 1 42 32 21 21
1099_0023_0032_0057_0057.jpg 1 23 32 57 57
1100_0017_0042_0040_0040.jpg 1 17 42 40 40
1101_0037_0026_0040_0040.jpg 1 37 26 40 40
1102_0011_0010_0055_0055.jpg 1 11 10 55 55
1103_0025_0012_0064_0064.jpg 1 25 12 64 64
1104_0039_0032_0028_0028.jpg 1 39 32 28 28
1105_0042_0008_0040_0040.jpg 1 42 8 40 40
1106_0027_0037_0055_0055.jpg 1 27 37 55 55
1107_0036_0026_0029_0029.jpg 1 36 26 29 29
1108_0021_0029_0059_0059.jpg 1 21 29 59 59
1109_0009_0032_0062_0062.jpg 1 9 32 62 62
1110_0021_0019_0064_0064.jpg 1 21 19 64 64
1111_0005_0025_0052_0052.jpg 1 5 25 52 52
1112_0026_0013_0054_0054.jpg 1 26 13 54 54
1113_0010_0013_0050_0050.jpg 1 10 13 50 50
1114_0039_0016_0049_0049.jpg 1 39 16 49 49
1115_0040_0030_0052_0052.jpg 1 40 30 52 52
1116_0020_0022_0055_0055.jpg 1 20 22 55 55
1117_0033_0031_0044_0044.jpg 1 33 31 44 44
1118_0049_0033_0033_0033.jpg 1 49 33 33 33
1119_0032_0011_0054_0054.jpg 1 32 11 54 54
1120_0042_0055_0037_0037.jpg 1 42 55 37 37
1121_0033_0044_0044_0044.jpg 1 33 44 44 44
1122_0010_0025_0066_0066.jpg 1 10 25 66 66
1123_0024_0014_0048_0048.jpg 1 24 14 48 48
1124_0023_0016_0058_0058.jpg 1 23 16 58 58
1125_0026_0042_0032_0032.jpg 1 26 42 32 32
1126_0052_0016_0038_0038.jpg 1 52 16 38 38
1127_0035_0037_0054_0054.jpg 1 35 37 54 54
1128_0043_0021_0026_0026.jpg 1 43 21 26 26
1129_0027_0020_0063_0063.jpg 1 27 20 63 63
1130_0024_0021_0062_0062.jpg 1 24 21 62 62
1131_0033_0012_0034_0034.jpg 1 33 12 34 34
1132_0044_0012_0039_0039.jpg 1 44 12 39 39
1133_0044_0052_0030_0030.jpg 1 44 52 30 30
1134_0021_0008_0067_0067.jpg 1 21 8 67 67
1135_0027_0009_0040_0040.jpg 1 27 9 40 40
1136_0011_0032_0032_0032.jpg 1 11 32 32 32
1137_0033_0006_0055_0055.jpg 1 33 6 55 55
1138_0039_0043_0049_0049.jpg 1 39 43 49 49
1139_0031_0033_0057_0057.jpg 1 31 33 57 57
1140_0028_0043_0040_0040.jpg 1 28 43 40 40
1141_0019_0014_0028_0028.jpg 1 19 14 28 28
1142_0033_0005_0052_0052.jpg 1 33 5 52 52
1143_0004_0018_0055_0055.jpg 1 4 18 55 55
1144_0042_0016_0045_0045.jpg 1 42 16 45 45
1145_0005_0012_0065_0065.jpg 1 5 12 65 65
1146_0016_0059_0033_0033.jpg 1 16 59 33 33
1147_0021_0030_0065_0065.jpg 1 21 30 65 65
1148_0022_0039_0052_0052.jpg 1 22 39 52 52
1149_0046_0035_0033_0033.jpg 1 46 35 33 33
1150_0037_0016_0051_0051.jpg 1 37 16 51 51
1151_0038_0058_0020_0020.jpg 1 38 58 20 20
1152_0019_0028_0032_0032.jpg 1 19 28 32 32
1153_0013_0019_0066_0066.jpg 1 13 19 66 66
1154_0014_0019_0054_0054.jpg 1 14 19 54 54
1155_0006_0027_0068_0068.jpg 1 6 27 68 68
1156_0046_0019_0048_0048.jpg 1 46 19 48 48
1157_0042_0025_0038_0038.jpg 1 42 25 38 38
1158_0010_0054_0030_0030.jpg 1 10 54 30 30
1159_0026_0026_0060_0060.jpg 1 26 26 60 60
1160_0017_0028_0022_0022.jpg 1 17 28 22 22
1161_0044_0052_0036_0036.jpg 1 44 52 36 36
1162_0010_0020_0034_0034.jpg 1 10 20 34 34
1163_0020_0008_0064_0064.jpg 1 20 8 64 64
1164_0022_0010_0064_0064.jpg 1 22 10 64 64
1165_0042_0040_0053_0053.jpg 1 42 40 53 53
1166_0035_0037_0032_0032.jpg 1 35 37 32 32
1167_0003_0028_0068_0068.jpg 1 3 28 68 68
1168_0036_0013_0058_0058.jpg 1 36 13 58 58
1169_0020_0031_0062_0062.jpg 1 20 31 62 62
1170_0011_0029_0023_0023.jpg 1 11 29 23 23
1171_0006_0021_0063_0063.jpg 1 6 21 63 63
1172_0008_0010_0063_0063.jpg 1 8 10 63 63
1173_0032_0024_0063_0063.jpg 1 32 24 63 63
1174_0017_0015_0042_0042.jpg 1 17 15 42 42
1175_0044_0038_0043_0043.jpg 1 44 38 43 43
1176_0009_0021_0067_0067.jpg 1 9 21 67 67
1177_0022_0018_0065_0065.jpg 1 22 18 65 65
1178_0055_0042_0020_0020.jpg 1 55 42 20 20
1179_0044_0044_0047_0047.jpg 1 44 44 47 47
1180_0003_0030_0066_0066.jpg 1 3 30 66 66
1181_0012_0059_0031_0031.jpg 1 12 59 31 31
1182_0056_0015_0035_0035.jpg 1 56 15 35 35
1183_0023_0051_0034_0034.jpg 1 23 51 34 34
1184_0024_0013_0052_0052.jpg 1 24 13 52 52
1185_0022_0008_0034_0034.jpg 1 22 8 34 34
1186_0028_0011_0067_0067.jpg 1 28 11 67 67
1187_0059_0055_0030_0030.jpg 1 59 55 30 30
1188_0005_0023_0055_0055.jpg 1 5 23 55 55
1189_0052_0063_0022_0022.jpg 1 52 63 22 22
1190_0013_0018_0058_0058.jpg 1 13 18 58 58
1191_0033_0015_0060_0060.jpg 1 33 15 60 60
1192_0036_0046_0024_0024.jpg 1 36 46 24 24
1193_0055_0037_0034_0034.jpg 1 55 37 34 34
1194_0038_0010_0046_0046.jpg 1 38 10 46 46
1195_0022_0017_0062_0062.jpg 1 22 17 62 62
1196_0021_0043_0046_0046.jpg 1 21 43 46 46
1197_0062_0027_0031_0031.jpg 1 62 27 31 31
1198_0017_0021_0062_0062.jpg 1 17 21 62 62
1199_0027_0018_0028_0028.jpg 1 27 18 28 28
1200_0012_0019_0067_0067.jpg 1 12 19 67 67
1201_0059_0051_0031_0031.jpg 1 59 51 31 31
1202_0018_0006_0061_0061.jpg 1 18 6 61 61
1203_0023_0007_0053_0053.jpg 1 23 7 53 53
1204_0013_0037_0058_0058.jpg 1 13 37 58 58
1205_0020_0036_0046_0046.jpg 1 20 36 46 46
1206_0009_0050_0021_0021.jpg 1 9 50 21 21
1207_0016_0021_0069_0069.jpg 1 16 21 69 69
1208_0020_0024_0059_0059.jpg 1 20 24 59 59
1209_0017_0016_0052_0052.jpg 1 17 16 52 52
1210_0016_0008_0027_0027.jpg 1 16 8 27 27
1211_0040_0016_0044_0044.jpg 1 40 16 44 44
1212_0036_0015_0056_0056.jpg 1 36 15 56 56
1213_0009_0024_0059_0059.jpg 1 9 24 59 59
1214_0009_0030_0041_0041.jpg 1 9 30 41 41
1215_0009_0048_0030_0030.jpg 1 9 48 30 30
1216_0020_0036_0034_0034.jpg 1 20 36 34 34
1217_0038_0033_0042_0042.jpg 1 38 33 42 42
1218_0036_0060_0027_0027.jpg 1 36 60 27 27
1219_0029_0018_0042_0042.jpg 1 29 18 42 42
1220_0028_0028_0059_0059.jpg 1 28 28 59 59
1221_0005_0014_0056_0056.jpg 1 5 14 56 56
1222_0022_0016_0028_0028.jpg 1 22 16 28 28
1223_0031_0029_0053_0053.jpg 1 31 29 53 53
1224_0026_0004_0069_0069.jpg 1 26 4 69 69
1225_0051_0055_0035_0035.jpg 1 51 55 35 35
1226_0026_0016_0058_0058.jpg 1 26 16 58 58
1227_0014_0024_0059_0059.jpg 1 14 24 59 59
1228_0005_0038_0051_0051.jpg 1 5 38 51 51
1229_0020_0012_0064_0064.jpg 1 20 12 64 64
1230_0021_0032_0029_0029.jpg 1 21 32 29 29
1231_0031_0025_0062_0062.jpg 1 31 25 62 62
1232_0017_0012_0050_0050.jpg 1 17 12 50 50
1233_0024_0033_0054_0054.jpg 1 24 33 54 54
1234_0043_0065_0026_0026.jpg 1 43 65 26 26
1235_0019_0015_0065_0065.jpg 1 19 15 65 65
1236_0003_0027_0068_0068.jpg 1 3 27 68 68
1237_0012_0018_0062_0062.jpg 1 12 18 62 62
1238_0029_0011_0060_0060.jpg 1 29 11 60 60
1239_0068_0019_0024_0024.jpg 1 68 19 24 24
1240_0025_0013_0029_0029.jpg 1 25 13 29 29
1241_0017_0012_0062_0062.jpg 1 17 12 62 62
1242_0054_0033_0028_0028.jpg 1 54 33 28 28
1243_0041_0026_0032_0032.jpg 1 41 26 32 32
1244_0004_0023_0058_0058.jpg 1 4 23 58 58
1245_0032_0021_0053_0053.jpg 1 32 21 53 53
1246_0040_0043_0051_0051.jpg 1 40 43 51 51
1247_0010_0020_0046_0046.jpg 1 10 20 46 46
1248_0007_0024_0050_0050.jpg 1 7 24 50 50
1249_0029_0053_0040_0040.jpg 1 29 53 40 40
1250_0041_0055_0034_0034.jpg 1 41 55 34 34
1251_0011_0015_0069_0069.jpg 1 11 15 69 69
1252_0023_0017_0035_0035.jpg 1 23 17 35 35
1253_0038_0011_0038_0038.jpg 1 38 11 38 38
1254_0036_0012_0040_0040.jpg 1 36 12 40 40
1255_0006_0010_0056_0056.jpg 1 6 10 56 56
1256_0015_0026_0043_0043.jpg 1 15 26 43 43
1257_0028_0034_0021_0021.jpg 1 28 34 21 21
1258_0014_0011_0057_0057.jpg 1 14 11 57 57
1259_0018_0026_0045_0045.jpg 1 18 26 45 45
1260_0018_0027_0020_0020.jpg 1 18 27 20 20
1261_0015_0024_0035_0035.jpg 1 15 24 35 35
1262_0053_0059_0032_0032.jpg 1 53 59 32 32
1263_0033_0018_0040_0040.jpg 1 33 18 40 40
1264_0009_0029_0033_0033.jpg 1 9 29 33 33
1265_0024_0009_0067_0067.jpg 1 24 9 67 67
1266_0056_0064_0021_0021.jpg 1 56 64 21 21
1267_0008_0021_0067_0067.jpg 1 8 21 67 67
1268_0035_0029_0043_0043.jpg 1 35 29 43 43
1269_0022_0004_0064_0064.jpg 1 22 4 64 64
1270_0023_0046_0048_0048.jpg 1 23 46 48 48
1271_0025_0019_0064_0064.jpg 1 25 19 64 64
1272_0029_0034_0049_0049.jpg 1 29 34 49 49
1273_0036_0026_0039_0039.jpg 1 36 26 39 39
1274_0039_0031_0043_0043.jpg 1 39 31 43 43
1275_0051_0054_0035_0035.jpg 1 51 54 35 35
1276_0014_0055_0033_0033.jpg 1 14 55 33 33
1277_0048_0021_0026_0026.jpg 1 48 21 26 26
1278_0007_0014_0056_0056.jpg 1 7 14 56 56
1279_0012_0040_0050_0050.jpg 1 12 40 50 50
1280_0038_0036_0054_0054.jpg 1 38 36 54 54
1281_0023_0022_0048_0048.jpg 1 23 22 48 48
1282_0019_0027_0066_0066.jpg 1 19 27 66 66
1283_0056_0060_0028_0028.jpg 1 56 60 28 28
1284_0042_0050_0034_0034.jpg 1 42 50 34 34
1285_0042_0062_0021_0021.jpg 1 42 62 21 21
1286_0059_0050_0026_0026.jpg 1 59 50 26 26
1287_0008_0015_0023_0023.jpg 1 8 15 23 23
1288_0028_0028_0050_0050.jpg 1 28 28 50 50
1289_0030_0036_0058_0058.jpg 1 30 36 58 58
1290_0026_0027_0068_0068.jpg 1 26 27 68 68
1291_0010_0032_0056_0056.jpg 1 10 32 56 56
1292_0027_0005_0058_0058.jpg 1 27 5 58 58
1293_0031_0024_0041_0041.jpg 1 31 24 41 41
1294_0027_0043_0048_0048.jpg 1 27 43 48 48
1295_0028_0034_0029_0029.jpg 1 28 34 29 29
1296_0030_0037_0058_0058.jpg 1 30 37 58 58
1297_0037_0036_0050_0050.jpg 1 37 36 50 50
1298_0032_0008_0051_0051.jpg 1 32 8 51 51
1299_0060_0066_0022_0022.jpg 1 60 66 22 22
1300_0060_0061_0029_0029.jpg 1 60 61 29 29
1301_0046_0039_0044_0044.jpg 1 46 39 44 44
1302_0012_0008_0069_0069.jpg 1 12 8 69 69
1303_0021_0011_0050_0050.jpg 1 21 11 50 50
1304_0019_0013_0062_0062.jpg 1 19 13 62 62
1305_0025_0017_0058_0058.jpg 1 25 17 58 58
1306_0015_0039_0050_0050.jpg 1 15 39 50 50
1307_0037_0038_0030_0030.jpg 1 37 38 30 30
1308_0019_0027_0069_0069.jpg 1 19 27 69 69
1309_0025_0032_0037_0037.jpg 1 25 32 37 37
1310_0020_0056_0024_0024.jpg 1 20 56 24 24
1311_0041_0024_0024_0024.jpg 1 41 24 24 24
1312_0031_0025_0057_0057.jpg 1 31 25 57 57
1313_0041_0013_0028_0028.jpg 1 41 13 28 28
1314_0015_0024_0037_0037.jpg 1 15 24 37 37
1315_0027_0018_0062_0062.jpg 1 27 18 62 62
1316_0019_0039_0049_0049.jpg 1 19 39 49 49
1317_0007_0030_0035_0035.jpg 1 7 30 35 35
1318_0028_0015_0045_0045.jpg 1 28 15 45 45
1319_0025_0056_0034_0034.jpg 1 25 56 34 34
1320_0007_0020_0032_0032.jpg 1 7 20 32 32
1321_0031_0043_0048_0048.jpg 1 31 43 48 48
1322_0006_0046_0041_0041.jpg 1 6 46 41 41
1323_0050_0025_0021_0021.jpg 1 50 25 21 21
1324_0035_0022_0030_0030.jpg 1 35 22 30 30
1325_0030_0044_0044_0044.jpg 1 30 44 44 44
1326_0034_0035_0047_0047.jpg 1 34 35 47 47
1327_0012_0027_0064_0064.jpg 1 12 27 64 64
1328_0021_0012_0067_0067.jpg 1 21 12 67 67
1329_0038_0039_0037_0037.jpg 1 38 39 37 37
1330_0003_0023_0068_0068.jpg 1 3 23 68 68
1331_0026_0018_0060_0060.jpg 1 26 18 60 60
1332_0049_0012_0036_0036.jpg 1 49 12 36 36
1333_0011_0021_0059_0059.jpg 1 11 21 59 59
1334_0051_0026_0021_0021.jpg 1 51 26 21 21
1335_0028_0050_0035_0035.jpg 1 28 50 35 35
1336_0037_0016_0038_0038.jpg 1 37 16 38 38
1337_0009_0006_0040_0040.jpg 1 9 6 40 40
1338_0039_0026_0046_0046.jpg 1 39 26 46 46
1339_0010_0006_0050_0050.jpg 1 10 6 50 50
1340_0026_0021_0061_0061.jpg 1 26 21 61 61
1341_0018_0035_0059_0059.jpg 1 18 35 59 59
1342_0036_0007_0046_0046.jpg 1 36 7 46 46
1343_0050_0038_0043_0043.jpg 1 50 38 43 43
1344_0006_0013_0065_0065.jpg 1 6 13 65 65
1345_0008_0040_0051_0051.jpg 1 8 40 51 51
1346_0025_0036_0058_0058.jpg 1 25 36 58 58
1347_0044_0014_0042_0042.jpg 1 44 14 42 42
1348_0015_0026_0044_0044.jpg 1 15 26 44 44
1349_0046_0018_0032_0032.jpg 1 46 18 32 32
1350_0031_0022_0059_0059.jpg 1 31 22 59 59
1351_0047_0030_0024_0024.jpg 1 47 30 24 24
1352_0009_0012_0057_0057.jpg 1 9 12 57 57
1353_0023_0041_0050_0050.jpg 1 23 41 50 50
1354_0013_0007_0044_0044.jpg 1 13 7 44 44
1355_0011_0018_0058_0058.jpg 1 11 18 58 58
1356_0009_0011_0039_0039.jpg 1 9 11 39 39
1357_0036_0035_0051_0051.jpg 1 36 35 51 51
1358_0018_0026_0040_0040.jpg 1 18 26 40 40
1359_0008_0034_0052_0052.jpg 1 8 34 52 52
1360_0007_0026_0062_0062.jpg 1 7 26 62 62
1361_0057_0020_0030_0030.jpg 1 57 20 30 30
1362_0006_0014_0064_0064.jpg 1 6 14 64 64
1363_0042_0008_0052_0052.jpg 1 42 8 52 52
1364_0036_0031_0047_0047.jpg 1 36 31 47 47
1365_0025_0034_0037_0037.jpg 1 25 34 37 37
1366_0044_0046_0024_0024.jpg 1 44 46 24 24
1367_0023_0003_0069_0069.jpg 1 23 3 69 69
1368_0012_0044_0044_0044.jpg 1 12 44 44 44
1369_0005_0014_0062_0062.jpg 1 5 14 62 62
1370_0026_0013_0057_0057.jpg 1 26 13 57 57
1371_0045_0016_0047_0047.jpg 1 45 16 47 47
1372_0035_0024_0051_0051.jpg 1 35 24 51 51
1373_0019_0007_0067_0067.jpg 1 19 7 67 67
1374_0034_0008_0021_0021.jpg 1 34 8 21 21
1375_0017_0016_0066_0066.jpg 1 17 16 66 66
1376_0020_0035_0056_0056.jpg 1 20 35 56 56
1377_0006_0037_0053_0053.jpg 1 6 37 53 53
1378_0007_0010_0037_0037.jpg 1 7 10 37 37
1379_0024_0026_0064_0064.jpg 1 24 26 64 64
1380_0010_0045_0040_0040.jpg 1 10 45 40 40
1381_0052_0045_0025_0025.jpg 1 52 45 25 25
1382_0034_0041_0047_0047.jpg 1 34 41 47 47
1383_0016_0062_0028_0028.jpg 1 16 62 28 28
1384_0063_0013_0020_0020.jpg 1 63 13 20 20
1385_0017_0022_0037_0037.jpg 1 17 22 37 37
1386_0062_0009_0030_0030.jpg 1 62 9 30 30
1387_0007_0016_0068_0068.jpg 1 7 16 68 68
1388_0022_0051_0033_0033.jpg 1 22 51 33 33
1389_0012_0024_0028_0028.jpg 1 12 24 28 28
1390_0060_0029_0025_0025.jpg 1 60 29 25 25
1391_0004_0023_0063_0063.jpg 1 4 23 63 63
1392_0055_0040_0030_0030.jpg 1 55 40 30 30
1393_0062_0025_0023_0023.jpg 1 62 25 23 23
1394_0025_0041_0039_0039.jpg 1 25 41 39 39
1395_0008_0029_0061_0061.jpg 1 8 29 61 61
1396_0064_0032_0024_0024.jpg 1 64 32 24 24
1397_0010_0032_0047_0047.jpg 1 10 32 47 47
1398_0010_0007_0042_0042.jpg 1 10 7 42 42
1399_0009_0051_0033_0033.jpg 1 9 51 33 33
1400_0028_0012_0066_0066.jpg 1 28 12 66 66
1401_0012_0008_0023_0023.jpg 1 12 8 23 23
1402_0053_0064_0024_0024.jpg 1 53 64 24 24
1403_0010_0014_0032_0032.jpg 1 10 14 32 32
1404_0023_0027_0045_0045.jpg 1 23 27 45 45
1405_0051_0018_0036_0036.jpg 1 51 18 36 36
1406_0030_0036_0059_0059.jpg 1 30 36 59 59
1407_0023_0041_0033_0033.jpg 1 23 41 33 33
1408_0032_0012_0041_0041.jpg 1 32 12 41 41
1409_0009_0010_0024_0024.jpg 1 9 10 24 24
1410_0027_0014_0064_0064.jpg 1 27 14 64 64
1411_0007_0007_0059_0059.jpg 1 7 7 59 59
1412_0030_0026_0048_0048.jpg 1 30 26 48 48
1413_0057_0058_0034_0034.jpg 1 57 58 34 34
1414_0007_0012_0069_0069.jpg 1 7 12 69 69
1415_0026_0039_0044_0044.jpg 1 26 39 44 44
1416_0025_0020_0060_0060.jpg 1 25 20 60 60
1417_0017_0029_0066_0066.jpg 1 17 29 66 66
1418_0033_0019_0031_0031.jpg 1 33 19 31 31
1419_0030_0054_0026_0026.jpg 1 30 54 26 26
1420_0024_0020_0031_0031.jpg 1 24 20 31 31
1421_0063_0048_0020_0020.jpg 1 63 48 20 20
1422_0032_0016_0039_0039.jpg 1 32 16 39 39
1423_0020_0037_0047_0047.jpg 1 20 37 47 47
1424_0017_0029_0022_0022.jpg 1 17 29 22 22
1425_0009_0039_0043_0043.jpg 1 9 39 43 43
1426_0063_0020_0028_0028.jpg 1 63 20 28 28
1427_0031_0004_0058_0058.jpg 1 31 4 58 58
1428_0021_0044_0028_0028.jpg 1 21 44 28 28
1429_0019_0034_0044_0044.jpg 1 19 34 44 44
1430_0014_0013_0035_0035.jpg 1 14 13 35 35
1431_0058_0033_0033_0033.jpg 1 58 33 33 33
1432_0009_0056_0029_0029.jpg 1 9 56 29 29
1433_0044_0009_0039_0039.jpg 1 44 9 39 39
1434_0043_0042_0048_0048.jpg 1 43 42 48 48
1435_0037_0034_0053_0053.jpg 1 37 34 53 53
1436_0023_0022_0021_0021.jpg 1 23 22 21 21
1437_0005_0032_0054_0054.jpg 1 5 32 54 54
1438_0005_0018_0062_0062.jpg 1 5 18 62 62
1439_0031_0058_0033_0033.jpg 1 31 58 33 33
1440_0041_0013_0043_0043.jpg 1 41 13 43 43
1441_0024_0035_0032_0032.jpg 1 24 35 32 32
1442_0045_0015_0027_0027.jpg 1 45 15 27 27
1443_0035_0036_0058_0058.jpg 1 35 36 58 58
1444_0031_0011_0061_0061.jpg 1 31 11 61 61
1445_0030_0023_0051_0051.jpg 1 30 23 51 51
1446_0034_0023_0044_0044.jpg 1 34 23 44 44
1447_0019_0005_0049_0049.jpg 1 19 5 49 49
1448_0028_0052_0041_0041.jpg 1 28 52 41 41
1449_0026_0012_0032_0032.jpg 1 26 12 32 32
1450_0012_0010_0065_0065.jpg 1 12 10 65 65
1451_0011_0010_0024_0024.jpg 1 11 10 24 24
1452_0018_0049_0022_0022.jpg 1 18 49 22 22
1453_0018_0025_0068_0068.jpg 1 18 25 68 68
1454_0030_0028_0057_0057.jpg 1 30 28 57 57
1455_0053_0057_0020_0020.jpg 1 53 57 20 20
1456_0034_0021_0028_0028.jpg 1 34 21 28 28
1457_0061_0051_0028_0028.jpg 1 61 51 28 28
1458_0008_0016_0068_0068.jpg 1 8 16 68 68
1459_0050_0038_0037_0037.jpg 1 50 38 37 37
1460_0030_0037_0034_0034.jpg 1 30 37 34 34
1461_0021_0017_0035_0035.jpg 1 21 17 35 35
1462_0024_0016_0057_0057.jpg 1 24 16 57 57
1463_0028_0047_0020_0020.jpg 1 28 47 20 20
1464_0012_0057_0035_0035.jpg 1 12 57 35 35
1465_0064_0046_0020_0020.jpg 1 64 46 20 20
1466_0020_0035_0023_0023.jpg 1 20 35 23 23
1467_0033_0016_0055_0055.jpg 1 33 16 55 55
1468_0017_0042_0031_0031.jpg 1 17 42 31 31
1469_0028_0028_0023_0023.jpg 1 28 28 23 23
1470_0032_0004_0062_0062.jpg 1 32 4 62 62
1471_0025_0007_0038_0038.jpg 1 25 7 38 38
1472_0029_0036_0047_0047.jpg 1 29 36 47 47
1473_0007_0053_0031_0031.jpg 1 7 53 31 31
1474_0010_0031_0058_0058.jpg 1 10 31 58 58
1475_0028_0029_0039_0039.jpg 1 28 29 39 39
1476_0012_0007_0069_0069.jpg 1 12 7 69 69
1477_0063_0009_0021_0021.jpg 1 63 9 21 21
1478_0012_0004_0067_0067.jpg 1 12 4 67 67
1479_0023_0023_0040_0040.jpg 1 23 23 40 40
1480_0027_0019_0068_0068.jpg 1 27 19 68 68
1481_0015_0028_0068_0068.jpg 1 15 28 68 68
1482_0012_0034_0050_0050.jpg 1 12 34 50 50
1483_0007_0017_0064_0064.jpg 1 7 17 64 64
1484_0010_0025_0068_0068.jpg 1 10 25 68 68
1485_0038_0053_0037_0037.jpg 1 38 53 37 37
1486_0003_0004_0069_0069.jpg 1 3 4 69 69
1487_0011_0018_0052_0052.jpg 1 11 18 52 52
1488_0020_0033_0046_0046.jpg 1 20 33 46 46
1489_0058_0068_0020_0020.jpg 1 58 68 20 20
1490_0005_0017_0052_0052.jpg 1 5 17 52 52
1491_0018_0043_0043_0043.jpg 1 18 43 43 43
1492_0026_0021_0049_0049.jpg 1 26 21 49 49
1493_0049_0009_0020_0020.jpg 1 49 9 20 20
1494_0035_0050_0028_0028.jpg 1 35 50 28 28
1495_0035_0013_0041_0041.jpg 1 35 13 41 41
1496_0049_0011_0021_0021.jpg 1 49 11 21 21
1497_0048_0062_0023_0023.jpg 1 48 62 23 23
1498_0022_0020_0021_0021.jpg 1 22 20 21 21
1499_0020_0013_0065_0065.jpg 1 20 13 65 65
1500_0059_0059_0031_0031.jpg 1 59 59 31 31
1501_0020_0011_0051_0051.jpg 1 20 11 51 51
1502_0105_0026_0027_0027.jpg 1 105 26 27 27
1503_0009_0033_0058_0058.jpg 1 9 33 58 58
1504_0012_0016_0046_0046.jpg 1 12 16 46 46
1505_0015_0053_0031_0031.jpg 1 15 53 31 31
1506_0022_0046_0034_0034.jpg 1 22 46 34 34
1507_0007_0037_0049_0049.jpg 1 7 37 49 49
1508_0020_0033_0061_0061.jpg 1 20 33 61 61
1509_0016_0030_0043_0043.jpg 1 16 30 43 43
1510_0042_0040_0048_0048.jpg 1 42 40 48 48
1511_0039_0041_0048_0048.jpg 1 39 41 48 48
1512_0006_0011_0069_0069.jpg 1 6 11 69 69
1513_0007_0041_0034_0034.jpg 1 7 41 34 34
1514_0029_0018_0034_0034.jpg 1 29 18 34 34
1515_0022_0035_0040_0040.jpg 1 22 35 40 40
1516_0036_0014_0023_0023.jpg 1 36 14 23 23
1517_0020_0014_0064_0064.jpg 1 20 14 64 64
1518_0051_0036_0036_0036.jpg 1 51 36 36 36
1519_0034_0011_0058_0058.jpg 1 34 11 58 58
1520_0042_0038_0043_0043.jpg 1 42 38 43 43
1521_0017_0031_0059_0059.jpg 1 17 31 59 59
1522_0025_0044_0043_0043.jpg 1 25 44 43 43
1523_0009_0045_0037_0037.jpg 1 9 45 37 37
1524_0025_0055_0033_0033.jpg 1 25 55 33 33
1525_0037_0013_0028_0028.jpg 1 37 13 28 28
1526_0008_0010_0062_0062.jpg 1 8 10 62 62
1527_0021_0032_0063_0063.jpg 1 21 32 63 63
1528_0025_0011_0036_0036.jpg 1 25 11 36 36
1529_0008_0013_0067_0067.jpg 1 8 13 67 67
1530_0013_0025_0032_0032.jpg 1 13 25 32 32
1531_0055_0051_0022_0022.jpg 1 55 51 22 22
1532_0032_0004_0061_0061.jpg 1 32 4 61 61
1533_0035_0056_0034_0034.jpg 1 35 56 34 34
1534_0005_0034_0062_0062.jpg 1 5 34 62 62
1535_0046_0044_0040_0040.jpg 1 46 44 40 40
1536_0018_0039_0033_0033.jpg 1 18 39 33 33
1537_0010_0032_0047_0047.jpg 1 10 32 47 47
1538_0022_0022_0065_0065.jpg 1 22 22 65 65
1539_0059_0070_0021_0021.jpg 1 59 70 21 21
1540_0039_0012_0027_0027.jpg 1 39 12 27 27
1541_0028_0009_0058_0058.jpg 1 28 9 58 58
1542_0024_0023_0057_0057.jpg 1 24 23 57 57
1543_0010_0016_0059_0059.jpg 1 10 16 59 59
1544_0027_0025_0049_0049.jpg 1 27 25 49 49
1545_0005_0004_0066_0066.jpg 1 5 4 66 66
1546_0008_0008_0068_0068.jpg 1 8 8 68 68
1547_0008_0030_0065_0065.jpg 1 8 30 65 65
1548_0036_0019_0056_0056.jpg 1 36 19 56 56
1549_0041_0013_0032_0032.jpg 1 41 13 32 32
1550_0042_0023_0038_0038.jpg 1 42 23 38 38
1551_0014_0012_0050_0050.jpg 1 14 12 50 50
1552_0009_0036_0046_0046.jpg 1 9 36 46 46
1553_0067_0019_0023_0023.jpg 1 67 19 23 23
1554_0031_0055_0036_0036.jpg 1 31 55 36 36
1555_0009_0010_0056_0056.jpg 1 9 10 56 56
1556_0031_0010_0048_0048.jpg 1 31 10 48 48
1557_0025_0018_0056_0056.jpg 1 25 18 56 56
1558_0038_0037_0030_0030.jpg 1 38 37 30 30
1559_0039_0014_0041_0041.jpg 1 39 14 41 41
1560_0019_0004_0063_0063.jpg 1 19 4 63 63
1561_0025_0024_0027_0027.jpg 1 25 24 27 27
1562_0031_0005_0063_0063.jpg 1 31 5 63 63
1563_0034_0026_0023_0023.jpg 1 34 26 23 23
1564_0053_0029_0029_0029.jpg 1 53 29 29 29
1565_0037_0042_0033_0033.jpg 1 37 42 33 33
1566_0027_0027_0042_0042.jpg 1 27 27 42 42
1567_0046_0018_0042_0042.jpg 1 46 18 42 42
1568_0042_0015_0047_0047.jpg 1 42 15 47 47
1569_0009_0006_0037_0037.jpg 1 9 6 37 37
1570_0031_0004_0062_0062.jpg 1 31 4 62 62
1571_0039_0016_0052_0052.jpg 1 39 16 52 52
1572_0007_0021_0042_0042.jpg 1 7 21 42 42
1573_0067_0033_0020_0020.jpg 1 67 33 20 20
1574_0009_0015_0032_0032.jpg 1 9 15 32 32
1575_0009_0062_0024_0024.jpg 1 9 62 24 24
1576_0008_0034_0032_0032.jpg 1 8 34 32 32
1577_0058_0057_0029_0029.jpg 1 58 57 29 29
1578_0026_0037_0050_0050.jpg 1 26 37 50 50
1579_0012_0030_0063_0063.jpg 1 12 30 63 63
1580_0029_0023_0045_0045.jpg 1 29 23 45 45
1581_0051_0009_0030_0030.jpg 1 51 9 30 30
1582_0030_0028_0063_0063.jpg 1 30 28 63 63
1583_0011_0009_0043_0043.jpg 1 11 9 43 43
1584_0061_0043_0029_0029.jpg 1 61 43 29 29
1585_0010_0058_0035_0035.jpg 1 10 58 35 35
1586_0052_0006_0040_0040.jpg 1 52 6 40 40
1587_0037_0046_0034_0034.jpg 1 37 46 34 34
1588_0027_0024_0069_0069.jpg 1 27 24 69 69
1589_0028_0045_0048_0048.jpg 1 28 45 48 48
1590_0057_0063_0029_0029.jpg 1 57 63 29 29
1591_0033_0023_0052_0052.jpg 1 33 23 52 52
1592_0043_0058_0026_0026.jpg 1 43 58 26 26
1593_0017_0067_0023_0023.jpg 1 17 67 23 23
1594_0031_0026_0027_0027.jpg 1 31 26 27 27
1595_0032_0049_0024_0024.jpg 1 32 49 24 24
1596_0032_0026_0053_0053.jpg 1 32 26 53 53
1597_0032_0027_0057_0057.jpg 1 32 27 57 57
1598_0029_0017_0057_0057.jpg 1 29 17 57 57
1599_0016_0046_0025_0025.jpg 1 16 46 25 25
1600_0009_0030_0055_0055.jpg 1 9 30 55 55
1601_0027_0053_0039_0039.jpg 1 27 53 39 39
1602_0017_0041_0034_0034.jpg 1 17 41 34 34
1603_0024_0016_0064_0064.jpg 1 24 16 64 64
1604_0038_0017_0051_0051.jpg 1 38 17 51 51
1605_0051_0015_0040_0040.jpg 1 51 15 40 40
1606_0030_0020_0041_0041.jpg 1 30 20 41 41
1607_0047_0042_0021_0021.jpg 1 47 42 21 21
1608_0006_0011_0044_0044.jpg 1 6 11 44 44
1609_0060_0008_0027_0027.jpg 1 60 8 27 27
1610_0041_0027_0024_0024.jpg 1 41 27 24 24
1611_0022_0024_0063_0063.jpg 1 22 24 63 63
1612_0032_0015_0029_0029.jpg 1 32 15 29 29
1613_0041_0029_0052_0052.jpg 1 41 29 52 52
1614_0022_0028_0066_0066.jpg 1 22 28 66 66
1615_0046_0022_0045_0045.jpg 1 46 22 45 45
1616_0039_0037_0041_0041.jpg 1 39 37 41 41
1617_0034_0020_0026_0026.jpg 1 34 20 26 26
1618_0040_0015_0055_0055.jpg 1 40 15 55 55
1619_0016_0016_0050_0050.jpg 1 16 16 50 50
1620_0029_0064_0028_0028.jpg 1 29 64 28 28
1621_0043_0011_0027_0027.jpg 1 43 11 27 27
1622_0057_0034_0033_0033.jpg 1 57 34 33 33
1623_0003_0026_0062_0062.jpg 1 3 26 62 62
1624_0032_0025_0024_0024.jpg 1 32 25 24 24
1625_0052_0030_0041_0041.jpg 1 52 30 41 41
1626_0032_0047_0041_0041.jpg 1 32 47 41 41
1627_0027_0042_0031_0031.jpg 1 27 42 31 31
1628_0030_0043_0039_0039.jpg 1 30 43 39 39
1629_0064_0021_0024_0024.jpg 1 64 21 24 24
1630_0017_0015_0067_0067.jpg 1 17 15 67 67
1631_0026_0026_0068_0068.jpg 1 26 26 68 68
1632_0018_0030_0065_0065.jpg 1 18 30 65 65
1633_0019_0029_0041_0041.jpg 1 19 29 41 41
1634_0010_0012_0036_0036.jpg 1 10 12 36 36
1635_0049_0038_0024_0024.jpg 1 49 38 24 24
1636_0045_0012_0020_0020.jpg 1 45 12 20 20
1637_0013_0013_0023_0023.jpg 1 13 13 23 23
1638_0017_0047_0027_0027.jpg 1 17 47 27 27
1639_0021_0017_0040_0040.jpg 1 21 17 40 40
1640_0052_0018_0033_0033.jpg 1 52 18 33 33
1641_0008_0010_0055_0055.jpg 1 8 10 55 55
1642_0013_0006_0058_0058.jpg 1 13 6 58 58
1643_0035_0025_0041_0041.jpg 1 35 25 41 41
1644_0011_0049_0039_0039.jpg 1 11 49 39 39
1645_0029_0022_0046_0046.jpg 1 29 22 46 46
1646_0064_0058_0027_0027.jpg 1 64 58 27 27
1647_0047_0021_0035_0035.jpg 1 47 21 35 35
1648_0052_0031_0037_0037.jpg 1 52 31 37 37
1649_0040_0013_0030_0030.jpg 1 40 13 30 30
1650_0017_0008_0069_0069.jpg 1 17 8 69 69
1651_0021_0030_0046_0046.jpg 1 21 30 46 46
1652_0054_0014_0039_0039.jpg 1 54 14 39 39
1653_0010_0035_0021_0021.jpg 1 10 35 21 21
1654_0019_0053_0040_0040.jpg 1 19 53 40 40
1655_0031_0024_0046_0046.jpg 1 31 24 46 46
1656_0021_0032_0047_0047.jpg 1 21 32 47 47
1657_0043_0010_0022_0022.jpg 1 43 10 22 22
1658_0010_0015_0058_0058.jpg 1 10 15 58 58
1659_0011_0012_0057_0057.jpg 1 11 12 57 57
1660_0044_0047_0033_0033.jpg 1 44 47 33 33
1661_0041_0019_0047_0047.jpg 1 41 19 47 47
1662_0015_0012_0054_0054.jpg 1 15 12 54 54
1663_0007_0008_0026_0026.jpg 1 7 8 26 26
1664_0007_0019_0040_0040.jpg 1 7 19 40 40
1665_0018_0026_0065_0065.jpg 1 18 26 65 65
1666_0047_0028_0020_0020.jpg 1 47 28 20 20
1667_0019_0044_0023_0023.jpg 1 19 44 23 23
1668_0025_0013_0051_0051.jpg 1 25 13 51 51
1669_0041_0029_0020_0020.jpg 1 41 29 20 20
1670_0011_0018_0067_0067.jpg 1 11 18 67 67
1671_0036_0046_0028_0028.jpg 1 36 46 28 28
1672_0041_0035_0033_0033.jpg 1 41 35 33 33
1673_0028_0015_0054_0054.jpg 1 28 15 54 54
1674_0023_0019_0038_0038.jpg 1 23 19 38 38
1675_0016_0009_0052_0052.jpg 1 16 9 52 52
1676_0026_0006_0048_0048.jpg 1 26 6 48 48
1677_0026_0033_0058_0058.jpg 1 26 33 58 58
1678_0041_0051_0037_0037.jpg 1 41 51 37 37
1679_0037_0017_0035_0035.jpg 1 37 17 35 35
1680_0019_0007_0069_0069.jpg 1 19 7 69 69
1681_0038_0043_0049_0049.jpg 1 38 43 49 49
1682_0005_0018_0046_0046.jpg 1 5 18 46 46
1683_0012_0031_0049_0049.jpg 1 12 31 49 49
1684_0016_0028_0059_0059.jpg 1 16 28 59 59
1685_0051_0026_0040_0040.jpg 1 51 26 40 40
1686_0032_0030_0020_0020.jpg 1 32 30 20 20
1687_0028_0039_0048_0048.jpg 1 28 39 48 48
1688_0053_0055_0030_0030.jpg 1 53 55 30 30
1689_0046_0010_0022_0022.jpg 1 46 10 22 22
1690_0028_0036_0030_0030.jpg 1 28 36 30 30
1691_0009_0023_0051_0051.jpg 1 9 23 51 51
1692_0024_0041_0053_0053.jpg 1 24 41 53 53
1693_0042_0044_0027_0027.jpg 1 42 44 27 27
1694_0013_0049_0030_0030.jpg 1 13 49 30 30
1695_0021_0041_0035_0035.jpg 1 21 41 35 35
1696_0007_0026_0069_0069.jpg 1 7 26 69 69
1697_0029_0027_0038_0038.jpg 1 29 27 38 38
1698_0012_0015_0065_0065.jpg 1 12 15 65 65
1699_0034_0044_0043_0043.jpg 1 34 44 43 43
1700_0044_0006_0036_0036.jpg 1 44 6 36 36
1701_0056_0010_0021_0021.jpg 1 56 10 21 21
1702_0006_0029_0056_0056.jpg 1 6 29 56 56
1703_0048_0023_0043_0043.jpg 1 48 23 43 43
1704_0035_0025_0050_0050.jpg 1 35 25 50 50
1705_0011_0054_0023_0023.jpg 1 11 54 23 23
1706_0056_0006_0034_0034.jpg 1 56 6 34 34
1707_0041_0007_0043_0043.jpg 1 41 7 43 43
1708_0015_0031_0035_0035.jpg 1 15 31 35 35
1709_0045_0010_0047_0047.jpg 1 45 10 47 47
1710_0060_0013_0023_0023.jpg 1 60 13 23 23
1711_0010_0014_0049_0049.jpg 1 10 14 49 49
1712_0008_0024_0062_0062.jpg 1 8 24 62 62
1713_0019_0026_0031_0031.jpg 1 19 26 31 31
1714_0014_0042_0043_0043.jpg 1 14 42 43 43
1715_0030_0009_0059_0059.jpg 1 30 9 59 59
1716_0056_0036_0028_0028.jpg 1 56 36 28 28
1717_0021_0035_0035_0035.jpg 1 21 35 35 35
1718_0010_0017_0064_0064.jpg 1 10 17 64 64
1719_0008_0012_0024_0024.jpg 1 8 12 24 24
1720_0013_0022_0047_0047.jpg 1 13 22 47 47
1721_0022_0066_0022_0022.jpg 1 22 66 22 22
1722_0027_0007_0055_0055.jpg 1 27 7 55 55
1723_0037_0017_0032_0032.jpg 1 37 17 32 32
1724_0039_0018_0053_0053.jpg 1 39 18 53 53
1725_0015_0028_0047_0047.jpg 1 15 28 47 47
1726_0016_0022_0030_0030.jpg 1 16 22 30 30
1727_0024_0009_0052_0052.jpg 1 24 9 52 52
1728_0009_0010_0042_0042.jpg 1 9 10 42 42
1729_0011_0014_0045_0045.jpg 1 11 14 45 45
1730_0028_0012_0067_0067.jpg 1 28 12 67 67
1731_0019_0053_0037_0037.jpg 1 19 53 37 37
1732_0015_0011_0021_0021.jpg 1 15 11 21 21
1733_0007_0024_0063_0063.jpg 1 7 24 63 63
1734_0047_0019_0032_0032.jpg 1 47 19 32 32
1735_0008_0012_0061_0061.jpg 1 8 12 61 61
1736_0020_0016_0037_0037.jpg 1 20 16 37 37
1737_0016_0007_0029_0029.jpg 1 16 7 29 29
1738_0026_0004_0056_0056.jpg 1 26 4 56 56
1739_0033_0024_0061_0061.jpg 1 33 24 61 61
1740_0044_0022_0024_0024.jpg 1 44 22 24 24
1741_0007_0038_0033_0033.jpg 1 7 38 33 33
1742_0042_0042_0052_0052.jpg 1 42 42 52 52
1743_0025_0021_0066_0066.jpg 1 25 21 66 66
1744_0010_0008_0039_0039.jpg 1 10 8 39 39
1745_0011_0059_0021_0021.jpg 1 11 59 21 21
1746_0035_0033_0050_0050.jpg 1 35 33 50 50
1747_0019_0014_0044_0044.jpg 1 19 14 44 44
1748_0015_0027_0059_0059.jpg 1 15 27 59 59
1749_0024_0037_0037_0037.jpg 1 24 37 37 37
1750_0035_0023_0034_0034.jpg 1 35 23 34 34
1751_0046_0007_0036_0036.jpg 1 46 7 36 36
1752_0043_0023_0020_0020.jpg 1 43 23 20 20
1753_0064_0049_0020_0020.jpg 1 64 49 20 20
1754_0015_0016_0069_0069.jpg 1 15 16 69 69
1755_0019_0013_0022_0022.jpg 1 19 13 22 22
1756_0020_0042_0040_0040.jpg 1 20 42 40 40
1757_0031_0063_0029_0029.jpg 1 31 63 29 29
1758_0034_0047_0031_0031.jpg 1 34 47 31 31
1759_0046_0048_0031_0031.jpg 1 46 48 31 31
1760_0015_0024_0065_0065.jpg 1 15 24 65 65
1761_0007_0027_0063_0063.jpg 1 7 27 63 63
1762_0028_0014_0036_0036.jpg 1 28 14 36 36
1763_0020_0061_0022_0022.jpg 1 20 61 22 22
1764_0018_0016_0040_0040.jpg 1 18 16 40 40
1765_0017_0064_0021_0021.jpg 1 17 64 21 21
1766_0008_0034_0057_0057.jpg 1 8 34 57 57
1767_0045_0044_0046_0046.jpg 1 45 44 46 46
1768_0034_0036_0028_0028.jpg 1 34 36 28 28
1769_0025_0017_0053_0053.jpg 1 25 17 53 53
1770_0023_0013_0061_0061.jpg 1 23 13 61 61
1771_0012_0034_0047_0047.jpg 1 12 34 47 47
1772_0040_0035_0043_0043.jpg 1 40 35 43 43
1773_0013_0014_0030_0030.jpg 1 13 14 30 30
1774_0039_0006_0035_0035.jpg 1 39 6 35 35
1775_0006_0005_0063_0063.jpg 1 6 5 63 63
1776_0014_0034_0055_0055.jpg 1 14 34 55 55
1777_0046_0019_0032_0032.jpg 1 46 19 32 32
1778_0010_0038_0033_0033.jpg 1 10 38 33 33
1779_0013_0029_0039_0039.jpg 1 13 29 39 39
1780_0029_0034_0033_0033.jpg 1 29 34 33 33
1781_0009_0030_0062_0062.jpg 1 9 30 62 62
1782_0031_0024_0057_0057.jpg 1 31 24 57 57
1783_0019_0032_0020_0020.jpg 1 19 32 20 20
1784_0006_0048_0046_0046.jpg 1 6 48 46 46
1785_0009_0044_0030_0030.jpg 1 9 44 30 30
1786_0018_0026_0067_0067.jpg 1 18 26 67 67
1787_0031_0036_0048_0048.jpg 1 31 36 48 48
1788_0016_0004_0067_0067.jpg 1 16 4 67 67
1789_0016_0009_0023_0023.jpg 1 16 9 23 23
1790_0018_0011_0065_0065.jpg 1 18 11 65 65
1791_0047_0047_0041_0041.jpg 1 47 47 41 41
1792_0034_0041_0032_0032.jpg 1 34 41 32 32
1793_0038_0067_0020_0020.jpg 1 38 67 20 20
1794_0006_0018_0069_0069.jpg 1 6 18 69 69
1795_0015_0018_0058_0058.jpg 1 15 18 58 58
1796_0020_0031_0064_0064.jpg 1 20 31 64 64
1797_0040_0055_0024_0024.jpg 1 40 55 24 24
1798_0048_0032_0038_0038.jpg 1 48 32 38 38
1799_0010_0014_0056_0056.jpg 1 10 14 56 56
1800_0008_0015_0060_0060.jpg 1 8 15 60 60
1801_0011_0005_0049_0049.jpg 1 11 5 49 49
1802_0019_0060_0020_0020.jpg 1 19 60 20 20
1803_0041_0051_0029_0029.jpg 1 41 51 29 29
1804_0048_0042_0025_0025.jpg 1 48 42 25 25
1805_0020_0023_0044_0044.jpg 1 20 23 44 44
1806_0028_0010_0036_0036.jpg 1 28 10 36 36
1807_0027_0008_0063_0063.jpg 1 27 8 63 63
1808_0017_0019_0062_0062.jpg 1 17 19 62 62
1809_0034_0042_0053_0053.jpg 1 34 42 53 53
1810_0038_0019_0040_0040.jpg 1 38 19 40 40
1811_0025_0010_0045_0045.jpg 1 25 10 45 45
1812_0028_0019_0065_0065.jpg 1 28 19 65 65
1813_0008_0004_0066_0066.jpg 1 8 4 66 66
1814_0012_0015_0039_0039.jpg 1 12 15 39 39
1815_0027_0016_0055_0055.jpg 1 27 16 55 55
1816_0025_0021_0044_0044.jpg 1 25 21 44 44
1817_0018_0031_0057_0057.jpg 1 18 31 57 57
1818_0054_0054_0028_0028.jpg 1 54 54 28 28
1819_0054_0043_0039_0039.jpg 1 54 43 39 39
1820_0019_0021_0023_0023.jpg 1 19 21 23 23
1821_0019_0025_0059_0059.jpg 1 19 25 59 59
1822_0040_0010_0025_0025.jpg 1 40 10 25 25
1823_0021_0021_0067_0067.jpg 1 21 21 67 67
1824_0046_0018_0024_0024.jpg 1 46 18 24 24
1825_0029_0038_0050_0050.jpg 1 29 38 50 50
1826_0024_0018_0031_0031.jpg 1 24 18 31 31
1827_0032_0022_0061_0061.jpg 1 32 22 61 61
1828_0062_0051_0025_0025.jpg 1 62 51 25 25
1829_0034_0021_0050_0050.jpg 1 34 21 50 50
1830_0045_0015_0039_0039.jpg 1 45 15 39 39
1831_0030_0025_0043_0043.jpg 1 30 25 43 43
1832_0039_0015_0048_0048.jpg 1 39 15 48 48
1833_0027_0024_0022_0022.jpg 1 27 24 22 22
1834_0012_0011_0055_0055.jpg 1 12 11 55 55
1835_0047_0064_0020_0020.jpg 1 47 64 20 20
1836_0021_0035_0053_0053.jpg 1 21 35 53 53
1837_0005_0014_0060_0060.jpg 1 5 14 60 60
1838_0014_0047_0044_0044.jpg 1 14 47 44 44
1839_0011_0009_0049_0049.jpg 1 11 9 49 49
1840_0035_0036_0028_0028.jpg 1 35 36 28 28
1841_0007_0026_0065_0065.jpg 1 7 26 65 65
1842_0050_0008_0031_0031.jpg 1 50 8 31 31
1843_0023_0026_0021_0021.jpg 1 23 26 21 21
1844_0013_0007_0039_0039.jpg 1 13 7 39 39
1845_0070_0050_0021_0021.jpg 1 70 50 21 21
1846_0024_0053_0027_0027.jpg 1 24 53 27 27
1847_0012_0024_0052_0052.jpg 1 12 24 52 52
1848_0007_0029_0053_0053.jpg 1 7 29 53 53
1849_0005_0031_0061_0061.jpg 1 5 31 61 61
1850_0017_0025_0038_0038.jpg 1 17 25 38 38
1851_0023_0042_0036_0036.jpg 1 23 42 36 36
1852_0030_0012_0035_0035.jpg 1 30 12 35 35
1853_0024_0034_0026_0026.jpg 1 24 34 26 26
1854_0029_0010_0037_0037.jpg 1 29 10 37 37
1855_0009_0032_0057_0057.jpg 1 9 32 57 57
1856_0032_0013_0060_0060.jpg 1 32 13 60 60
1857_0035_0012_0044_0044.jpg 1 35 12 44 44
1858_0037_0021_0029_0029.jpg 1 37 21 29 29
1859_0040_0048_0035_0035.jpg 1 40 48 35 35
1860_0045_0016_0023_0023.jpg 1 45 16 23 23
1861_0045_0032_0026_0026.jpg 1 45 32 26 26
1862_0023_0013_0021_0021.jpg 1 23 13 21 21
1863_0024_0014_0061_0061.jpg 1 24 14 61 61
1864_0029_0008_0021_0021.jpg 1 29 8 21 21
1865_0023_0024_0054_0054.jpg 1 23 24 54 54
1866_0014_0025_0064_0064.jpg 1 14 25 64 64
1867_0010_0021_0021_0021.jpg 1 10 21 21 21
1868_0013_0023_0068_0068.jpg 1 13 23 68 68
1869_0021_0004_0067_0067.jpg 1 21 4 67 67
1870_0024_0068_0024_0024.jpg 1 24 68 24 24
1871_0013_0031_0065_0065.jpg 1 13 31 65 65
1872_0012_0053_0030_0030.jpg 1 12 53 30 30
1873_0040_0015_0040_0040.jpg 1 40 15 40 40
1874_0026_0022_0063_0063.jpg 1 26 22 63 63
1875_0017_0013_0026_0026.jpg 1 17 13 26 26
1876_0040_0013_0054_0054.jpg 1 40 13 54 54
1877_0024_0022_0064_0064.jpg 1 24 22 64 64
1878_0046_0027_0042_0042.jpg 1 46 27 42 42
1879_0021_0020_0044_0044.jpg 1 21 20 44 44
1880_0021_0017_0058_0058.jpg 1 21 17 58 58
1881_0022_0015_0069_0069.jpg 1 22 15 69 69
1882_0005_0012_0047_0047.jpg 1 5 12 47 47
1883_0041_0018_0038_0038.jpg 1 41 18 38 38
1884_0014_0026_0049_0049.jpg 1 14 26 49 49
1885_0039_0035_0043_0043.jpg 1 39 35 43 43
1886_0007_0044_0031_0031.jpg 1 7 44 31 31
1887_0007_0018_0059_0059.jpg 1 7 18 59 59
1888_0012_0043_0040_0040.jpg 1 12 43 40 40
1889_0017_0034_0048_0048.jpg 1 17 34 48 48
1890_0020_0052_0037_0037.jpg 1 20 52 37 37
1891_0040_0020_0047_0047.jpg 1 40 20 47 47
1892_0020_0005_0067_0067.jpg 1 20 5 67 67
1893_0021_0018_0068_0068.jpg 1 21 18 68 68
1894_0022_0013_0069_0069.jpg 1 22 13 69 69
1895_0026_0007_0064_0064.jpg 1 26 7 64 64
1896_0041_0033_0021_0021.jpg 1 41 33 21 21
1897_0052_0020_0027_0027.jpg 1 52 20 27 27
1898_0018_0021_0045_0045.jpg 1 18 21 45 45
1899_0049_0060_0024_0024.jpg 1 49 60 24 24
1900_0038_0011_0031_0031.jpg 1 38 11 31 31
1901_0051_0011_0026_0026.jpg 1 51 11 26 26
1902_0035_0015_0055_0055.jpg 1 35 15 55 55
1903_0053_0013_0036_0036.jpg 1 53 13 36 36
1904_0007_0050_0039_0039.jpg 1 7 50 39 39
1905_0027_0015_0034_0034.jpg 1 27 15 34 34
1906_0048_0019_0028_0028.jpg 1 48 19 28 28
1907_0031_0006_0033_0033.jpg 1 31 6 33 33
1908_0055_0034_0034_0034.jpg 1 55 34 34 34
1909_0051_0058_0034_0034.jpg 1 51 58 34 34
1910_0010_0034_0045_0045.jpg 1 10 34 45 45
1911_0028_0027_0066_0066.jpg 1 28 27 66 66
1912_0031_0008_0028_0028.jpg 1 31 8 28 28
1913_0040_0047_0023_0023.jpg 1 40 47 23 23
1914_0049_0017_0023_0023.jpg 1 49 17 23 23
1915_0019_0031_0062_0062.jpg 1 19 31 62 62
1916_0052_0018_0030_0030.jpg 1 52 18 30 30
1917_0010_0034_0048_0048.jpg 1 10 34 48 48
1918_0036_0005_0052_0052.jpg 1 36 5 52 52
1919_0023_0009_0066_0066.jpg 1 23 9 66 66
1920_0025_0064_0025_0025.jpg 1 25 64 25 25
1921_0016_0036_0048_0048.jpg 1 16 36 48 48
1922_0033_0005_0057_0057.jpg 1 33 5 57 57
1923_0011_0045_0047_0047.jpg 1 11 45 47 47
1924_0010_0040_0045_0045.jpg 1 10 40 45 45
1925_0006_0011_0047_0047.jpg 1 6 11 47 47
1926_0037_0017_0043_0043.jpg 1 37 17 43 43
1927_0013_0008_0066_0066.jpg 1 13 8 66 66
1928_0041_0040_0021_0021.jpg 1 41 40 21 21
1929_0025_0027_0067_0067.jpg 1 25 27 67 67
1930_0025_0036_0053_0053.jpg 1 25 36 53 53
1931_0010_0056_0028_0028.jpg 1 10 56 28 28
1932_0070_0063_0020_0020.jpg 1 70 63 20 20
1933_0026_0019_0042_0042.jpg 1 26 19 42 42
1934_0019_0012_0052_0052.jpg 1 19 12 52 52
1935_0027_0008_0051_0051.jpg 1 27 8 51 51
1936_0026_0021_0060_0060.jpg 1 26 21 60 60
1937_0049_0047_0025_0025.jpg 1 49 47 25 25
1938_0022_0032_0059_0059.jpg 1 22 32 59 59
1939_0053_0022_0021_0021.jpg 1 53 22 21 21
1940_0038_0038_0038_0038.jpg 1 38 38 38 38
1941_0024_0023_0064_0064.jpg 1 24 23 64 64
1942_0019_0032_0055_0055.jpg 1 19 32 55 55
1943_0030_0037_0057_0057.jpg 1 30 37 57 57
1944_0059_0022_0027_0027.jpg 1 59 22 27 27
1945_0006_0054_0031_0031.jpg 1 6 54 31 31
1946_0018_0008_0066_0066.jpg 1 18 8 66 66
1947_0022_0036_0043_0043.jpg 1 22 36 43 43
1948_0017_0007_0037_0037.jpg 1 17 7 37 37
1949_0026_0025_0049_0049.jpg 1 26 25 49 49
1950_0028_0013_0065_0065.jpg 1 28 13 65 65
1951_0043_0035_0043_0043.jpg 1 43 35 43 43
1952_0013_0015_0067_0067.jpg 1 13 15 67 67
1953_0044_0040_0035_0035.jpg 1 44 40 35 35
1954_0041_0005_0050_0050.jpg 1 41 5 50 50
1955_0058_0041_0034_0034.jpg 1 58 41 34 34
1956_0050_0053_0022_0022.jpg 1 50 53 22 22
1957_0008_0041_0024_0024.jpg 1 8 41 24 24
1958_0050_0027_0032_0032.jpg 1 50 27 32 32
1959_0014_0024_0061_0061.jpg 1 14 24 61 61
1960_0044_0050_0038_0038.jpg 1 44 50 38 38
1961_0037_0019_0057_0057.jpg 1 37 19 57 57
1962_0031_0030_0038_0038.jpg 1 31 30 38 38
1963_0021_0037_0057_0057.jpg 1 21 37 57 57
1964_0019_0029_0060_0060.jpg 1 19 29 60 60
1965_0029_0018_0061_0061.jpg 1 29 18 61 61
1966_0005_0037_0055_0055.jpg 1 5 37 55 55
1967_0037_0031_0041_0041.jpg 1 37 31 41 41
1968_0023_0032_0047_0047.jpg 1 23 32 47 47
1969_0003_0018_0064_0064.jpg 1 3 18 64 64
