0001_0023_0016_0042_0042.jpg 1 23 16 42 42
0002_0015_0013_0069_0069.jpg 1 15 13 69 69
0003_0037_0056_0028_0028.jpg 1 37 56 28 28
0004_0012_0014_0049_0049.jpg 1 12 14 49 49
0005_0007_0019_0067_0067.jpg 1 7 19 67 67
0006_0029_0019_0038_0038.jpg 1 29 19 38 38
0007_0038_0035_0036_0036.jpg 1 38 35 36 36
0008_0043_0029_0045_0045.jpg 1 43 29 45 45
0009_0022_0024_0062_0062.jpg 1 22 24 62 62
0010_0011_0013_0058_0058.jpg 1 11 13 58 58
0011_0007_0028_0063_0063.jpg 1 7 28 63 63
0012_0023_0012_0069_0069.jpg 1 23 12 69 69
0013_0059_0012_0020_0020.jpg 1 59 12 20 20
0014_0011_0035_0057_0057.jpg 1 11 35 57 57
0015_0026_0051_0041_0041.jpg 1 26 51 41 41
0016_0009_0048_0029_0029.jpg 1 9 48 29 29
0017_0035_0020_0022_0022.jpg 1 35 20 22 22
0018_0032_0012_0054_0054.jpg 1 32 12 54 54
0019_0065_0041_0020_0020.jpg 1 65 41 20 20
0020_0031_0008_0025_0025.jpg 1 31 8 25 25
0021_0061_0021_0029_0029.jpg 1 61 21 29 29
0022_0005_0005_0068_0068.jpg 1 5 5 68 68
0023_0024_0059_0023_0023.jpg 1 24 59 23 23
0024_0056_0048_0031_0031.jpg 1 56 48 31 31
0025_0013_0020_0060_0060.jpg 1 13 20 60 60
0026_0028_0035_0041_0041.jpg 1 28 35 41 41
0027_0034_0013_0052_0052.jpg 1 34 13 52 52
0028_0004_0024_0059_0059.jpg 1 4 24 59 59
0029_0019_0033_0027_0027.jpg 1 19 33 27 27
0030_0017_0024_0023_0023.jpg 1 17 24 23 23
0031_0040_0047_0044_0044.jpg 1 40 47 44 44
0032_0038_0062_0024_0024.jpg 1 38 62 24 24
0033_0008_0019_0036_0036.jpg 1 8 19 36 36
0034_0009_0038_0046_0046.jpg 1 9 38 46 46
0035_0023_0044_0036_0036.jpg 1 23 44 36 36
0036_0026_0022_0060_0060.jpg 1 26 22 60 60
0037_0041_0007_0043_0043.jpg 1 41 7 43 43
0038_0016_0015_0064_0064.jpg 1 16 15 64 64
0039_0035_0009_0033_0033.jpg 1 35 9 33 33
0040_0047_0034_0038_0038.jpg 1 47 34 38 38
0041_0043_0013_0035_0035.jpg 1 43 13 35 35
0042_0027_0006_0063_0063.jpg 1 27 6 63 63
0043_0020_0012_0048_0048.jpg 1 20 12 48 48
0044_0016_0032_0047_0047.jpg 1 16 32 47 47
0045_0019_0036_0023_0023.jpg 1 19 36 23 23
0046_0039_0013_0055_0055.jpg 1 39 13 55 55
0047_0017_0017_0068_0068.jpg 1 17 17 68 68
0048_0029_0037_0033_0033.jpg 1 29 37 33 33
0049_0013_0030_0063_0063.jpg 1 13 30 63 63
0050_0013_0050_0031_0031.jpg 1 13 50 31 31
0051_0024_0015_0061_0061.jpg 1 24 15 61 61
0052_0053_0052_0039_0039.jpg 1 53 52 39 39
0053_0009_0024_0065_0065.jpg 1 9 24 65 65
0054_0004_0005_0067_0067.jpg 1 4 5 67 67
0055_0020_0028_0060_0060.jpg 1 20 28 60 60
0056_0034_0045_0043_0043.jpg 1 34 45 43 43
0057_0024_0025_0063_0063.jpg 1 24 25 63 63
0058_0051_0009_0040_0040.jpg 1 51 9 40 40
0059_0012_0012_0051_0051.jpg 1 12 12 51 51
0060_0038_0030_0046_0046.jpg 1 38 30 46 46
0061_0022_0007_0046_0046.jpg 1 22 7 46 46
0062_0032_0010_0042_0042.jpg 1 32 10 42 42
0063_0016_0008_0060_0060.jpg 1 16 8 60 60
0064_0025_0010_0068_0068.jpg 1 25 10 68 68
0065_0025_0064_0021_0021.jpg 1 25 64 21 21
0066_0028_0047_0038_0038.jpg 1 28 47 38 38
0067_0038_0029_0034_0034.jpg 1 38 29 34 34
0068_0013_0033_0059_0059.jpg 1 13 33 59 59
0069_0014_0040_0026_0026.jpg 1 14 40 26 26
0070_0029_0012_0063_0063.jpg 1 29 12 63 63
0071_0020_0036_0058_0058.jpg 1 20 36 58 58
0072_0034_0028_0056_0056.jpg 1 34 28 56 56
0073_0006_0006_0068_0068.jpg 1 6 6 68 68
0074_0026_0019_0069_0069.jpg 1 26 19 69 69
0075_0038_0051_0040_0040.jpg 1 38 51 40 40
0076_0011_0018_0052_0052.jpg 1 11 18 52 52
0077_0044_0058_0032_0032.jpg 1 44 58 32 32
0078_0023_0007_0061_0061.jpg 1 23 7 61 61
0079_0015_0050_0044_0044.jpg 1 15 50 44 44
0080_0003_0004_0067_0067.jpg 1 3 4 67 67
0081_0026_0012_0050_0050.jpg 1 26 12 50 50
0082_0017_0039_0049_0049.jpg 1 17 39 49 49
0083_0024_0050_0030_0030.jpg 1 24 50 30 30
0084_0047_0010_0026_0026.jpg 1 47 10 26 26
0085_0024_0025_0050_0050.jpg 1 24 25 50 50
0086_0029_0012_0036_0036.jpg 1 29 12 36 36
0087_0015_0053_0026_0026.jpg 1 15 53 26 26
0088_0011_0024_0031_0031.jpg 1 11 24 31 31
0089_0049_0029_0020_0020.jpg 1 49 29 20 20
0090_0023_0009_0068_0068.jpg 1 23 9 68 68
0091_0025_0045_0021_0021.jpg 1 25 45 21 21
0092_0020_0038_0026_0026.jpg 1 20 38 26 26
0093_0014_0016_0055_0055.jpg 1 14 16 55 55
0094_0022_0018_0024_0024.jpg 1 22 18 24 24
0095_0027_0023_0069_0069.jpg 1 27 23 69 69
0096_0023_0016_0050_0050.jpg 1 23 16 50 50
0097_0037_0021_0055_0055.jpg 1 37 21 55 55
0098_0024_0026_0067_0067.jpg 1 24 26 67 67
0099_0025_0027_0023_0023.jpg 1 25 27 23 23
0100_0019_0033_0043_0043.jpg 1 19 33 43 43
0101_0012_0015_0034_0034.jpg 1 12 15 34 34
0102_0016_0034_0053_0053.jpg 1 16 34 53 53
0103_0007_0013_0059_0059.jpg 1 7 13 59 59
0104_0009_0006_0043_0043.jpg 1 9 6 43 43
0105_0052_0031_0034_0034.jpg 1 52 31 34 34
0106_0014_0014_0048_0048.jpg 1 14 14 48 48
0107_0030_0016_0065_0065.jpg 1 30 16 65 65
0108_0022_0027_0064_0064.jpg 1 22 27 64 64
0109_0038_0033_0050_0050.jpg 1 38 33 50 50
0110_0006_0017_0068_0068.jpg 1 6 17 68 68
0111_0029_0041_0050_0050.jpg 1 29 41 50 50
0112_0024_0024_0053_0053.jpg 1 24 24 53 53
0113_0010_0004_0067_0067.jpg 1 10 4 67 67
0114_0037_0018_0042_0042.jpg 1 37 18 42 42
0115_0032_0030_0023_0023.jpg 1 32 30 23 23
0116_0005_0022_0064_0064.jpg 1 5 22 64 64
0117_0022_0041_0047_0047.jpg 1 22 41 47 47
0118_0042_0021_0032_0032.jpg 1 42 21 32 32
0119_0017_0032_0061_0061.jpg 1 17 32 61 61
0120_0046_0044_0037_0037.jpg 1 46 44 37 37
0121_0051_0022_0041_0041.jpg 1 51 22 41 41
0122_0013_0050_0027_0027.jpg 1 13 50 27 27
0123_0025_0009_0050_0050.jpg 1 25 9 50 50
0124_0058_0025_0030_0030.jpg 1 58 25 30 30
0125_0014_0057_0020_0020.jpg 1 14 57 20 20
0126_0009_0033_0054_0054.jpg 1 9 33 54 54
0127_0018_0035_0025_0025.jpg 1 18 35 25 25
0128_0041_0024_0036_0036.jpg 1 41 24 36 36
0129_0059_0028_0033_0033.jpg 1 59 28 33 33
0130_0018_0017_0069_0069.jpg 1 18 17 69 69
0131_0063_0061_0026_0026.jpg 1 63 61 26 26
0132_0006_0049_0038_0038.jpg 1 6 49 38 38
0133_0065_0033_0023_0023.jpg 1 65 33 23 23
0134_0034_0038_0053_0053.jpg 1 34 38 53 53
0135_0195_0023_0048_0048.jpg 1 195 23 48 48
0136_0004_0021_0064_0064.jpg 1 4 21 64 64
0137_0015_0010_0066_0066.jpg 1 15 10 66 66
0138_0040_0021_0038_0038.jpg 1 40 21 38 38
0139_0034_0005_0052_0052.jpg 1 34 5 52 52
0140_0025_0028_0043_0043.jpg 1 25 28 43 43
0141_0034_0060_0026_0026.jpg 1 34 60 26 26
0142_0006_0008_0055_0055.jpg 1 6 8 55 55
0143_0012_0038_0025_0025.jpg 1 12 38 25 25
0144_0016_0019_0027_0027.jpg 1 16 19 27 27
0145_0005_0011_0069_0069.jpg 1 5 11 69 69
0146_0012_0062_0031_0031.jpg 1 12 62 31 31
0147_0019_0007_0061_0061.jpg 1 19 7 61 61
0148_0042_0062_0024_0024.jpg 1 42 62 24 24
0149_0053_0020_0037_0037.jpg 1 53 20 37 37
0150_0026_0039_0043_0043.jpg 1 26 39 43 43
0151_0046_0007_0028_0028.jpg 1 46 7 28 28
0152_0028_0020_0030_0030.jpg 1 28 20 30 30
0153_0012_0038_0048_0048.jpg 1 12 38 48 48
0154_0010_0036_0046_0046.jpg 1 10 36 46 46
0155_0034_0034_0030_0030.jpg 1 34 34 30 30
0156_0023_0017_0060_0060.jpg 1 23 17 60 60
0157_0025_0010_0032_0032.jpg 1 25 10 32 32
0158_0056_0027_0024_0024.jpg 1 56 27 24 24
0159_0058_0011_0028_0028.jpg 1 58 11 28 28
0160_0009_0011_0069_0069.jpg 1 9 11 69 69
0161_0015_0019_0051_0051.jpg 1 15 19 51 51
0162_0018_0021_0061_0061.jpg 1 18 21 61 61
0163_0006_0033_0061_0061.jpg 1 6 33 61 61
0164_0010_0028_0053_0053.jpg 1 10 28 53 53
0165_0025_0008_0061_0061.jpg 1 25 8 61 61
0166_0061_0058_0029_0029.jpg 1 61 58 29 29
0167_0028_0008_0045_0045.jpg 1 28 8 45 45
0168_0032_0005_0060_0060.jpg 1 32 5 60 60
0169_0012_0027_0022_0022.jpg 1 12 27 22 22
0170_0040_0008_0032_0032.jpg 1 40 8 32 32
0171_0036_0015_0048_0048.jpg 1 36 15 48 48
0172_0015_0039_0037_0037.jpg 1 15 39 37 37
0173_0007_0028_0063_0063.jpg 1 7 28 63 63
0174_0020_0012_0066_0066.jpg 1 20 12 66 66
0175_0037_0031_0045_0045.jpg 1 37 31 45 45
0176_0054_0022_0035_0035.jpg 1 54 22 35 35
0177_0038_0029_0055_0055.jpg 1 38 29 55 55
0178_0045_0010_0023_0023.jpg 1 45 10 23 23
0179_0011_0026_0067_0067.jpg 1 11 26 67 67
0180_0029_0022_0061_0061.jpg 1 29 22 61 61
0181_0030_0024_0054_0054.jpg 1 30 24 54 54
0182_0023_0008_0046_0046.jpg 1 23 8 46 46
0183_0004_0032_0059_0059.jpg 1 4 32 59 59
0184_0039_0032_0055_0055.jpg 1 39 32 55 55
0185_0009_0048_0038_0038.jpg 1 9 48 38 38
0186_0012_0005_0067_0067.jpg 1 12 5 67 67
0187_0017_0010_0056_0056.jpg 1 17 10 56 56
0188_0027_0061_0027_0027.jpg 1 27 61 27 27
0189_0036_0021_0056_0056.jpg 1 36 21 56 56
0190_0018_0012_0042_0042.jpg 1 18 12 42 42
0191_0026_0025_0023_0023.jpg 1 26 25 23 23
0192_0007_0010_0053_0053.jpg 1 7 10 53 53
0193_0031_0042_0050_0050.jpg 1 31 42 50 50
0194_0007_0018_0069_0069.jpg 1 7 18 69 69
0195_0026_0018_0052_0052.jpg 1 26 18 52 52
0196_0022_0013_0022_0022.jpg 1 22 13 22 22
0197_0039_0019_0052_0052.jpg 1 39 19 52 52
0198_0041_0040_0024_0024.jpg 1 41 40 24 24
0199_0055_0033_0035_0035.jpg 1 55 33 35 35
0200_0052_0060_0030_0030.jpg 1 52 60 30 30
0201_0024_0023_0059_0059.jpg 1 24 23 59 59
0202_0021_0009_0065_0065.jpg 1 21 9 65 65
0203_0029_0006_0061_0061.jpg 1 29 6 61 61
0204_0021_0007_0031_0031.jpg 1 21 7 31 31
0205_0047_0029_0029_0029.jpg 1 47 29 29 29
0206_0023_0017_0069_0069.jpg 1 23 17 69 69
0207_0024_0026_0032_0032.jpg 1 24 26 32 32
0208_0040_0036_0047_0047.jpg 1 40 36 47 47
0209_0039_0022_0051_0051.jpg 1 39 22 51 51
0210_0014_0012_0040_0040.jpg 1 14 12 40 40
0211_0050_0050_0023_0023.jpg 1 50 50 23 23
0212_0033_0047_0045_0045.jpg 1 33 47 45 45
0213_0029_0053_0035_0035.jpg 1 29 53 35 35
0214_0033_0029_0043_0043.jpg 1 33 29 43 43
0215_0022_0027_0069_0069.jpg 1 22 27 69 69
0216_0012_0008_0057_0057.jpg 1 12 8 57 57
0217_0022_0010_0043_0043.jpg 1 22 10 43 43
0218_0029_0009_0059_0059.jpg 1 29 9 59 59
0219_0017_0033_0048_0048.jpg 1 17 33 48 48
0220_0021_0029_0063_0063.jpg 1 21 29 63 63
0221_0014_0035_0054_0054.jpg 1 14 35 54 54
0222_0055_0013_0026_0026.jpg 1 55 13 26 26
0223_0040_0022_0054_0054.jpg 1 40 22 54 54
0224_0030_0017_0039_0039.jpg 1 30 17 39 39
0225_0120_0091_0021_0021.jpg 1 120 91 21 21
0226_0037_0028_0035_0035.jpg 1 37 28 35 35
0227_0015_0006_0068_0068.jpg 1 15 6 68 68
0228_0013_0059_0025_0025.jpg 1 13 59 25 25
0229_0008_0010_0067_0067.jpg 1 8 10 67 67
0230_0027_0061_0029_0029.jpg 1 27 61 29 29
0231_0022_0023_0057_0057.jpg 1 22 23 57 57
0232_0022_0027_0060_0060.jpg 1 22 27 60 60
0233_0019_0013_0046_0046.jpg 1 19 13 46 46
0234_0015_0030_0065_0065.jpg 1 15 30 65 65
0235_0030_0017_0058_0058.jpg 1 30 17 58 58
0236_0051_0035_0039_0039.jpg 1 51 35 39 39
0237_0011_0033_0057_0057.jpg 1 11 33 57 57
0238_0013_0036_0052_0052.jpg 1 13 36 52 52
0239_0030_0004_0063_0063.jpg 1 30 4 63 63
0240_0045_0032_0030_0030.jpg 1 45 32 30 30
0241_0028_0028_0041_0041.jpg 1 28 28 41 41
0242_0029_0030_0052_0052.jpg 1 29 30 52 52
0243_0013_0026_0065_0065.jpg 1 13 26 65 65
0244_0016_0014_0055_0055.jpg 1 16 14 55 55
0245_0041_0059_0029_0029.jpg 1 41 59 29 29
0246_0032_0056_0020_0020.jpg 1 32 56 20 20
0247_0038_0038_0029_0029.jpg 1 38 38 29 29
0248_0014_0046_0045_0045.jpg 1 14 46 45 45
0249_0035_0037_0056_0056.jpg 1 35 37 56 56
0250_0027_0033_0057_0057.jpg 1 27 33 57 57
0251_0012_0031_0055_0055.jpg 1 12 31 55 55
0252_0045_0011_0042_0042.jpg 1 45 11 42 42
0253_0062_0054_0028_0028.jpg 1 62 54 28 28
0254_0030_0029_0048_0048.jpg 1 30 29 48 48
0255_0008_0033_0062_0062.jpg 1 8 33 62 62
0256_0009_0020_0069_0069.jpg 1 9 20 69 69
0257_0020_0027_0052_0052.jpg 1 20 27 52 52
0258_0033_0050_0030_0030.jpg 1 33 50 30 30
0259_0023_0012_0046_0046.jpg 1 23 12 46 46
0260_0042_0028_0039_0039.jpg 1 42 28 39 39
0261_0009_0054_0021_0021.jpg 1 9 54 21 21
0262_0051_0054_0038_0038.jpg 1 51 54 38 38
0263_0028_0023_0064_0064.jpg 1 28 23 64 64
0264_0028_0028_0032_0032.jpg 1 28 28 32 32
0265_0010_0014_0060_0060.jpg 1 10 14 60 60
0266_0021_0004_0056_0056.jpg 1 21 4 56 56
0267_0023_0031_0032_0032.jpg 1 23 31 32 32
0268_0029_0026_0039_0039.jpg 1 29 26 39 39
0269_0033_0012_0060_0060.jpg 1 33 12 60 60
0270_0006_0039_0049_0049.jpg 1 6 39 49 49
0271_0024_0029_0062_0062.jpg 1 24 29 62 62
0272_0011_0025_0065_0065.jpg 1 11 25 65 65
0273_0048_0024_0041_0041.jpg 1 48 24 41 41
0274_0035_0026_0045_0045.jpg 1 35 26 45 45
0275_0003_0023_0069_0069.jpg 1 3 23 69 69
0276_0051_0045_0040_0040.jpg 1 51 45 40 40
0277_0018_0038_0042_0042.jpg 1 18 38 42 42
0278_0045_0015_0037_0037.jpg 1 45 15 37 37
0279_0022_0012_0064_0064.jpg 1 22 12 64 64
0280_0033_0034_0053_0053.jpg 1 33 34 53 53
0281_0003_0022_0064_0064.jpg 1 3 22 64 64
0282_0037_0032_0054_0054.jpg 1 37 32 54 54
0283_0038_0021_0038_0038.jpg 1 38 21 38 38
0284_0036_0009_0058_0058.jpg 1 36 9 58 58
0285_0031_0015_0058_0058.jpg 1 31 15 58 58
0286_0017_0032_0063_0063.jpg 1 17 32 63 63
0287_0017_0033_0058_0058.jpg 1 17 33 58 58
0288_0054_0034_0039_0039.jpg 1 54 34 39 39
0289_0046_0030_0023_0023.jpg 1 46 30 23 23
0290_0030_0014_0046_0046.jpg 1 30 14 46 46
0291_0015_0012_0042_0042.jpg 1 15 12 42 42
0292_0061_0056_0026_0026.jpg 1 61 56 26 26
0293_0037_0042_0051_0051.jpg 1 37 42 51 51
0294_0028_0029_0052_0052.jpg 1 28 29 52 52
0295_0010_0005_0053_0053.jpg 1 10 5 53 53
0296_0056_0042_0025_0025.jpg 1 56 42 25 25
0297_0019_0027_0066_0066.jpg 1 19 27 66 66
0298_0050_0021_0042_0042.jpg 1 50 21 42 42
0299_0034_0016_0051_0051.jpg 1 34 16 51 51
0300_0028_0010_0049_0049.jpg 1 28 10 49 49
0301_0032_0047_0040_0040.jpg 1 32 47 40 40
0302_0024_0023_0041_0041.jpg 1 24 23 41 41
0303_0004_0012_0068_0068.jpg 1 4 12 68 68
0304_0030_0011_0046_0046.jpg 1 30 11 46 46
0305_0039_0022_0055_0055.jpg 1 39 22 55 55
0306_0009_0022_0060_0060.jpg 1 9 22 60 60
0307_0005_0025_0043_0043.jpg 1 5 25 43 43
0308_0004_0009_0055_0055.jpg 1 4 9 55 55
0309_0007_0011_0068_0068.jpg 1 7 11 68 68
0310_0025_0022_0029_0029.jpg 1 25 22 29 29
0311_0013_0008_0056_0056.jpg 1 13 8 56 56
0312_0031_0031_0048_0048.jpg 1 31 31 48 48
0313_0044_0054_0039_0039.jpg 1 44 54 39 39
0314_0035_0052_0031_0031.jpg 1 35 52 31 31
0315_0022_0020_0042_0042.jpg 1 22 20 42 42
0316_0041_0008_0020_0020.jpg 1 41 8 20 20
0317_0032_0036_0044_0044.jpg 1 32 36 44 44
0318_0030_0011_0056_0056.jpg 1 30 11 56 56
0319_0006_0022_0067_0067.jpg 1 6 22 67 67
0320_0014_0009_0023_0023.jpg 1 14 9 23 23
0321_0051_0032_0036_0036.jpg 1 51 32 36 36
0322_0041_0013_0036_0036.jpg 1 41 13 36 36
0323_0035_0042_0044_0044.jpg 1 35 42 44 44
0324_0024_0006_0060_0060.jpg 1 24 6 60 60
0325_0021_0035_0049_0049.jpg 1 21 35 49 49
0326_0024_0029_0046_0046.jpg 1 24 29 46 46
0327_0011_0036_0022_0022.jpg 1 11 36 22 22
0328_0036_0039_0049_0049.jpg 1 36 39 49 49
0329_0043_0014_0047_0047.jpg 1 43 14 47 47
0330_0034_0026_0040_0040.jpg 1 34 26 40 40
0331_0015_0024_0048_0048.jpg 1 15 24 48 48
0332_0039_0044_0048_0048.jpg 1 39 44 48 48
0333_0046_0023_0027_0027.jpg 1 46 23 27 27
0334_0030_0009_0065_0065.jpg 1 30 9 65 65
0335_0011_0009_0035_0035.jpg 1 11 9 35 35
0336_0007_0013_0055_0055.jpg 1 7 13 55 55
0337_0014_0010_0064_0064.jpg 1 14 10 64 64
0338_0008_0063_0027_0027.jpg 1 8 63 27 27
0339_0017_0043_0047_0047.jpg 1 17 43 47 47
0340_0027_0025_0025_0025.jpg 1 27 25 25 25
0341_0041_0045_0036_0036.jpg 1 41 45 36 36
0342_0009_0007_0061_0061.jpg 1 9 7 61 61
0343_0043_0023_0034_0034.jpg 1 43 23 34 34
0344_0012_0027_0024_0024.jpg 1 12 27 24 24
0345_0042_0034_0038_0038.jpg 1 42 34 38 38
0346_0028_0024_0062_0062.jpg 1 28 24 62 62
0347_0026_0033_0062_0062.jpg 1 26 33 62 62
0348_0050_0031_0044_0044.jpg 1 50 31 44 44
0349_0018_0049_0022_0022.jpg 1 18 49 22 22
0350_0042_0038_0036_0036.jpg 1 42 38 36 36
0351_0050_0052_0035_0035.jpg 1 50 52 35 35
0352_0017_0003_0064_0064.jpg 1 17 3 64 64
0353_0048_0019_0027_0027.jpg 1 48 19 27 27
0354_0020_0029_0065_0065.jpg 1 20 29 65 65
0355_0023_0019_0065_0065.jpg 1 23 19 65 65
0356_0006_0020_0046_0046.jpg 1 6 20 46 46
0357_0031_0009_0062_0062.jpg 1 31 9 62 62
0358_0040_0018_0026_0026.jpg 1 40 18 26 26
0359_0024_0024_0069_0069.jpg 1 24 24 69 69
0360_0031_0020_0052_0052.jpg 1 31 20 52 52
0361_0043_0056_0026_0026.jpg 1 43 56 26 26
0362_0026_0054_0036_0036.jpg 1 26 54 36 36
0363_0024_0026_0061_0061.jpg 1 24 26 61 61
0364_0051_0047_0025_0025.jpg 1 51 47 25 25
0365_0011_0015_0068_0068.jpg 1 11 15 68 68
0366_0050_0018_0032_0032.jpg 1 50 18 32 32
0367_0011_0036_0055_0055.jpg 1 11 36 55 55
0368_0064_0035_0021_0021.jpg 1 64 35 21 21
0369_0029_0050_0037_0037.jpg 1 29 50 37 37
0370_0007_0050_0025_0025.jpg 1 7 50 25 25
0371_0034_0009_0040_0040.jpg 1 34 9 40 40
0372_0007_0013_0042_0042.jpg 1 7 13 42 42
0373_0056_0017_0029_0029.jpg 1 56 17 29 29
0374_0042_0018_0026_0026.jpg 1 42 18 26 26
0375_0009_0052_0038_0038.jpg 1 9 52 38 38
0376_0018_0054_0035_0035.jpg 1 18 54 35 35
0377_0007_0009_0059_0059.jpg 1 7 9 59 59
0378_0030_0061_0028_0028.jpg 1 30 61 28 28
0379_0051_0046_0042_0042.jpg 1 51 46 42 42
0380_0003_0006_0063_0063.jpg 1 3 6 63 63
0381_0008_0027_0051_0051.jpg 1 8 27 51 51
0382_0015_0022_0065_0065.jpg 1 15 22 65 65
0383_0016_0017_0057_0057.jpg 1 16 17 57 57
0384_0041_0048_0022_0022.jpg 1 41 48 22 22
0385_0055_0009_0021_0021.jpg 1 55 9 21 21
0386_0014_0009_0064_0064.jpg 1 14 9 64 64
0387_0037_0008_0049_0049.jpg 1 37 8 49 49
0388_0018_0012_0068_0068.jpg 1 18 12 68 68
0389_0037_0007_0037_0037.jpg 1 37 7 37 37
0390_0023_0030_0060_0060.jpg 1 23 30 60 60
0391_0018_0031_0048_0048.jpg 1 18 31 48 48
0392_0014_0020_0036_0036.jpg 1 14 20 36 36
0393_0046_0038_0032_0032.jpg 1 46 38 32 32
0394_0041_0011_0027_0027.jpg 1 41 11 27 27
0395_0012_0060_0031_0031.jpg 1 12 60 31 31
0396_0009_0044_0026_0026.jpg 1 9 44 26 26
0397_0042_0009_0052_0052.jpg 1 42 9 52 52
0398_0020_0011_0053_0053.jpg 1 20 11 53 53
0399_0044_0020_0035_0035.jpg 1 44 20 35 35
0400_0020_0048_0038_0038.jpg 1 20 48 38 38
0401_0026_0060_0025_0025.jpg 1 26 60 25 25
0402_0036_0017_0037_0037.jpg 1 36 17 37 37
0403_0012_0027_0030_0030.jpg 1 12 27 30 30
0404_0013_0029_0034_0034.jpg 1 13 29 34 34
0405_0021_0013_0043_0043.jpg 1 21 13 43 43
0406_0036_0016_0052_0052.jpg 1 36 16 52 52
0407_0044_0031_0022_0022.jpg 1 44 31 22 22
0408_0011_0047_0041_0041.jpg 1 11 47 41 41
0409_0047_0044_0030_0030.jpg 1 47 44 30 30
0410_0023_0004_0066_0066.jpg 1 23 4 66 66
0411_0025_0049_0030_0030.jpg 1 25 49 30 30
0412_0013_0052_0035_0035.jpg 1 13 52 35 35
0413_0011_0026_0068_0068.jpg 1 11 26 68 68
0414_0028_0020_0023_0023.jpg 1 28 20 23 23
0415_0024_0025_0048_0048.jpg 1 24 25 48 48
0416_0021_0028_0064_0064.jpg 1 21 28 64 64
0417_0025_0013_0068_0068.jpg 1 25 13 68 68
0418_0013_0041_0051_0051.jpg 1 13 41 51 51
0419_0030_0011_0053_0053.jpg 1 30 11 53 53
0420_0006_0012_0063_0063.jpg 1 6 12 63 63
0421_0021_0032_0056_0056.jpg 1 21 32 56 56
0422_0011_0025_0031_0031.jpg 1 11 25 31 31
0423_0034_0043_0037_0037.jpg 1 34 43 37 37
0424_0024_0009_0062_0062.jpg 1 24 9 62 62
0425_0022_0014_0068_0068.jpg 1 22 14 68 68
0426_0069_0048_0022_0022.jpg 1 69 48 22 22
0427_0026_0013_0064_0064.jpg 1 26 13 64 64
0428_0004_0023_0064_0064.jpg 1 4 23 64 64
0429_0015_0008_0058_0058.jpg 1 15 8 58 58
0430_0058_0038_0033_0033.jpg 1 58 38 33 33
0431_0013_0018_0063_0063.jpg 1 13 18 63 63
0432_0033_0041_0047_0047.jpg 1 33 41 47 47
0433_0034_0018_0048_0048.jpg 1 34 18 48 48
0434_0028_0051_0027_0027.jpg 1 28 51 27 27
0435_0027_0044_0031_0031.jpg 1 27 44 31 31
0436_0042_0020_0028_0028.jpg 1 42 20 28 28
0437_0032_0024_0057_0057.jpg 1 32 24 57 57
0438_0054_0031_0027_0027.jpg 1 54 31 27 27
0439_0043_0038_0022_0022.jpg 1 43 38 22 22
0440_0052_0010_0040_0040.jpg 1 52 10 40 40
0441_0022_0028_0043_0043.jpg 1 22 28 43 43
0442_0014_0034_0059_0059.jpg 1 14 34 59 59
0443_0013_0025_0068_0068.jpg 1 13 25 68 68
0444_0030_0007_0061_0061.jpg 1 30 7 61 61
0445_0013_0016_0060_0060.jpg 1 13 16 60 60
0446_0014_0040_0047_0047.jpg 1 14 40 47 47
0447_0052_0030_0027_0027.jpg 1 52 30 27 27
0448_0033_0006_0059_0059.jpg 1 33 6 59 59
0449_0042_0041_0052_0052.jpg 1 42 41 52 52
0450_0045_0017_0041_0041.jpg 1 45 17 41 41
0451_0010_0037_0054_0054.jpg 1 10 37 54 54
0452_0034_0016_0039_0039.jpg 1 34 16 39 39
0453_0044_0018_0037_0037.jpg 1 44 18 37 37
0454_0018_0046_0032_0032.jpg 1 18 46 32 32
0455_0056_0062_0025_0025.jpg 1 56 62 25 25
0456_0028_0028_0027_0027.jpg 1 28 28 27 27
0457_0066_0051_0025_0025.jpg 1 66 51 25 25
0458_0018_0032_0035_0035.jpg 1 18 32 35 35
0459_0033_0036_0031_0031.jpg 1 33 36 31 31
0460_0035_0048_0043_0043.jpg 1 35 48 43 43
0461_0047_0031_0040_0040.jpg 1 47 31 40 40
0462_0028_0031_0054_0054.jpg 1 28 31 54 54
0463_0038_0059_0021_0021.jpg 1 38 59 21 21
0464_0044_0046_0025_0025.jpg 1 44 46 25 25
0465_0035_0008_0044_0044.jpg 1 35 8 44 44
0466_0009_0031_0064_0064.jpg 1 9 31 64 64
0467_0027_0030_0058_0058.jpg 1 27 30 58 58
0468_0045_0026_0031_0031.jpg 1 45 26 31 31
0469_0038_0028_0053_0053.jpg 1 38 28 53 53
0470_0006_0003_0067_0067.jpg 1 6 3 67 67
0471_0044_0016_0045_0045.jpg 1 44 16 45 45
0472_0009_0019_0067_0067.jpg 1 9 19 67 67
0473_0026_0028_0051_0051.jpg 1 26 28 51 51
0474_0030_0016_0063_0063.jpg 1 30 16 63 63
0475_0020_0044_0020_0020.jpg 1 20 44 20 20
0476_0066_0057_0023_0023.jpg 1 66 57 23 23
0477_0022_0018_0040_0040.jpg 1 22 18 40 40
0478_0010_0030_0039_0039.jpg 1 10 30 39 39
0479_0011_0032_0058_0058.jpg 1 11 32 58 58
0480_0009_0014_0062_0062.jpg 1 9 14 62 62
0481_0043_0035_0040_0040.jpg 1 43 35 40 40
0482_0046_0043_0042_0042.jpg 1 46 43 42 42
0483_0011_0025_0056_0056.jpg 1 11 25 56 56
0484_0045_0056_0034_0034.jpg 1 45 56 34 34
0485_0006_0043_0037_0037.jpg 1 6 43 37 37
0486_0016_0042_0026_0026.jpg 1 16 42 26 26
0487_0025_0070_0021_0021.jpg 1 25 70 21 21
0488_0022_0036_0059_0059.jpg 1 22 36 59 59
0489_0029_0004_0063_0063.jpg 1 29 4 63 63
0490_0023_0011_0054_0054.jpg 1 23 11 54 54
0491_0017_0030_0055_0055.jpg 1 17 30 55 55
0492_0046_0017_0046_0046.jpg 1 46 17 46 46
0493_0021_0015_0054_0054.jpg 1 21 15 54 54
0494_0046_0006_0048_0048.jpg 1 46 6 48 48
0495_0030_0034_0048_0048.jpg 1 30 34 48 48
0496_0033_0036_0043_0043.jpg 1 33 36 43 43
0497_0013_0014_0066_0066.jpg 1 13 14 66 66
0498_0015_0026_0060_0060.jpg 1 15 26 60 60
0499_0025_0041_0028_0028.jpg 1 25 41 28 28
0500_0014_0012_0068_0068.jpg 1 14 12 68 68
0501_0013_0019_0066_0066.jpg 1 13 19 66 66
0502_0018_0011_0025_0025.jpg 1 18 11 25 25
0503_0006_0025_0045_0045.jpg 1 6 25 45 45
0504_0009_0019_0062_0062.jpg 1 9 19 62 62
0505_0009_0017_0054_0054.jpg 1 9 17 54 54
0506_0028_0010_0047_0047.jpg 1 28 10 47 47
0507_0028_0028_0066_0066.jpg 1 28 28 66 66
0508_0039_0050_0041_0041.jpg 1 39 50 41 41
0509_0042_0040_0039_0039.jpg 1 42 40 39 39
0510_0044_0046_0031_0031.jpg 1 44 46 31 31
0511_0022_0013_0064_0064.jpg 1 22 13 64 64
0512_0028_0020_0041_0041.jpg 1 28 20 41 41
0513_0013_0010_0060_0060.jpg 1 13 10 60 60
0514_0011_0013_0041_0041.jpg 1 11 13 41 41
0515_0014_0027_0058_0058.jpg 1 14 27 58 58
0516_0022_0028_0048_0048.jpg 1 22 28 48 48
0517_0061_0036_0023_0023.jpg 1 61 36 23 23
0518_0011_0065_0021_0021.jpg 1 11 65 21 21
0519_0010_0036_0042_0042.jpg 1 10 36 42 42
0520_0010_0006_0041_0041.jpg 1 10 6 41 41
0521_0012_0014_0064_0064.jpg 1 12 14 64 64
0522_0027_0026_0068_0068.jpg 1 27 26 68 68
0523_0015_0007_0041_0041.jpg 1 15 7 41 41
0524_0019_0024_0061_0061.jpg 1 19 24 61 61
0525_0057_0008_0026_0026.jpg 1 57 8 26 26
0526_0051_0014_0036_0036.jpg 1 51 14 36 36
0527_0005_0026_0057_0057.jpg 1 5 26 57 57
0528_0016_0004_0054_0054.jpg 1 16 4 54 54
0529_0017_0036_0051_0051.jpg 1 17 36 51 51
0530_0032_0023_0044_0044.jpg 1 32 23 44 44
0531_0039_0041_0051_0051.jpg 1 39 41 51 51
0532_0010_0034_0061_0061.jpg 1 10 34 61 61
0533_0058_0018_0033_0033.jpg 1 58 18 33 33
0534_0025_0039_0044_0044.jpg 1 25 39 44 44
0535_0044_0021_0045_0045.jpg 1 44 21 45 45
0536_0036_0012_0058_0058.jpg 1 36 12 58 58
0537_0034_0011_0052_0052.jpg 1 34 11 52 52
0538_0024_0048_0031_0031.jpg 1 24 48 31 31
0539_0020_0044_0047_0047.jpg 1 20 44 47 47
0540_0024_0023_0050_0050.jpg 1 24 23 50 50
0541_0028_0023_0041_0041.jpg 1 28 23 41 41
0542_0051_0047_0037_0037.jpg 1 51 47 37 37
0543_0021_0025_0059_0059.jpg 1 21 25 59 59
0544_0032_0055_0035_0035.jpg 1 32 55 35 35
0545_0011_0025_0066_0066.jpg 1 11 25 66 66
0546_0005_0027_0059_0059.jpg 1 5 27 59 59
0547_0006_0023_0061_0061.jpg 1 6 23 61 61
0548_0043_0034_0033_0033.jpg 1 43 34 33 33
0549_0042_0036_0047_0047.jpg 1 42 36 47 47
0550_0024_0033_0028_0028.jpg 1 24 33 28 28
0551_0006_0038_0038_0038.jpg 1 6 38 38 38
0552_0033_0014_0054_0054.jpg 1 33 14 54 54
0553_0028_0013_0067_0067.jpg 1 28 13 67 67
0554_0051_0040_0042_0042.jpg 1 51 40 42 42
0555_0038_0041_0050_0050.jpg 1 38 41 50 50
0556_0035_0020_0060_0060.jpg 1 35 20 60 60
0557_0006_0027_0049_0049.jpg 1 6 27 49 49
0558_0032_0027_0039_0039.jpg 1 32 27 39 39
0559_0052_0044_0036_0036.jpg 1 52 44 36 36
0560_0023_0043_0041_0041.jpg 1 23 43 41 41
0561_0027_0035_0057_0057.jpg 1 27 35 57 57
0562_0049_0032_0035_0035.jpg 1 49 32 35 35
0563_0034_0017_0028_0028.jpg 1 34 17 28 28
0564_0020_0029_0029_0029.jpg 1 20 29 29 29
0565_0027_0021_0054_0054.jpg 1 27 21 54 54
0566_0011_0027_0040_0040.jpg 1 11 27 40 40
0567_0027_0025_0064_0064.jpg 1 27 25 64 64
0568_0057_0036_0023_0023.jpg 1 57 36 23 23
0569_0008_0014_0060_0060.jpg 1 8 14 60 60
0570_0032_0027_0056_0056.jpg 1 32 27 56 56
0571_0044_0017_0035_0035.jpg 1 44 17 35 35
0572_0025_0043_0045_0045.jpg 1 25 43 45 45
0573_0061_0022_0029_0029.jpg 1 61 22 29 29
0574_0021_0013_0036_0036.jpg 1 21 13 36 36
0575_0015_0011_0056_0056.jpg 1 15 11 56 56
0576_0032_0035_0060_0060.jpg 1 32 35 60 60
0577_0015_0022_0062_0062.jpg 1 15 22 62 62
0578_0011_0038_0054_0054.jpg 1 11 38 54 54
0579_0025_0024_0050_0050.jpg 1 25 24 50 50
0580_0017_0026_0068_0068.jpg 1 17 26 68 68
0581_0019_0047_0034_0034.jpg 1 19 47 34 34
0582_0021_0009_0052_0052.jpg 1 21 9 52 52
0583_0026_0034_0035_0035.jpg 1 26 34 35 35
0584_0044_0042_0039_0039.jpg 1 44 42 39 39
0585_0021_0048_0029_0029.jpg 1 21 48 29 29
0586_0059_0017_0025_0025.jpg 1 59 17 25 25
0587_0042_0027_0051_0051.jpg 1 42 27 51 51
0588_0017_0023_0067_0067.jpg 1 17 23 67 67
0589_0065_0051_0020_0020.jpg 1 65 51 20 20
0590_0009_0026_0039_0039.jpg 1 9 26 39 39
0591_0046_0012_0042_0042.jpg 1 46 12 42 42
0592_0042_0033_0044_0044.jpg 1 42 33 44 44
0593_0045_0013_0038_0038.jpg 1 45 13 38 38
0594_0036_0034_0039_0039.jpg 1 36 34 39 39
0595_0026_0024_0048_0048.jpg 1 26 24 48 48
0596_0010_0013_0052_0052.jpg 1 10 13 52 52
0597_0013_0008_0062_0062.jpg 1 13 8 62 62
0598_0008_0032_0057_0057.jpg 1 8 32 57 57
0599_0053_0010_0037_0037.jpg 1 53 10 37 37
0600_0049_0019_0038_0038.jpg 1 49 19 38 38
0601_0055_0057_0020_0020.jpg 1 55 57 20 20
0602_0013_0016_0066_0066.jpg 1 13 16 66 66
0603_0009_0009_0061_0061.jpg 1 9 9 61 61
0604_0039_0036_0052_0052.jpg 1 39 36 52 52
0605_0011_0004_0054_0054.jpg 1 11 4 54 54
0606_0064_0044_0026_0026.jpg 1 64 44 26 26
0607_0015_0035_0054_0054.jpg 1 15 35 54 54
0608_0012_0013_0040_0040.jpg 1 12 13 40 40
0609_0042_0019_0048_0048.jpg 1 42 19 48 48
0610_0038_0035_0044_0044.jpg 1 38 35 44 44
0611_0012_0035_0036_0036.jpg 1 12 35 36 36
0612_0027_0009_0052_0052.jpg 1 27 9 52 52
0613_0025_0045_0043_0043.jpg 1 25 45 43 43
0614_0034_0017_0029_0029.jpg 1 34 17 29 29
0615_0029_0025_0051_0051.jpg 1 29 25 51 51
0616_0067_0015_0022_0022.jpg 1 67 15 22 22
0617_0036_0037_0027_0027.jpg 1 36 37 27 27
0618_0015_0027_0057_0057.jpg 1 15 27 57 57
0619_0029_0028_0051_0051.jpg 1 29 28 51 51
0620_0012_0035_0035_0035.jpg 1 12 35 35 35
0621_0034_0032_0054_0054.jpg 1 34 32 54 54
0622_0048_0051_0031_0031.jpg 1 48 51 31 31
0623_0031_0036_0032_0032.jpg 1 31 36 32 32
0624_0005_0030_0055_0055.jpg 1 5 30 55 55
0625_0011_0024_0058_0058.jpg 1 11 24 58 58
0626_0025_0018_0069_0069.jpg 1 25 18 69 69
0627_0007_0023_0068_0068.jpg 1 7 23 68 68
0628_0030_0042_0053_0053.jpg 1 30 42 53 53
0629_0045_0027_0040_0040.jpg 1 45 27 40 40
0630_0028_0039_0054_0054.jpg 1 28 39 54 54
0631_0052_0057_0027_0027.jpg 1 52 57 27 27
0632_0052_0050_0038_0038.jpg 1 52 50 38 38
0633_0006_0019_0064_0064.jpg 1 6 19 64 64
0634_0009_0030_0066_0066.jpg 1 9 30 66 66
0635_0045_0047_0042_0042.jpg 1 45 47 42 42
0636_0061_0023_0028_0028.jpg 1 61 23 28 28
0637_0048_0018_0026_0026.jpg 1 48 18 26 26
0638_0027_0032_0055_0055.jpg 1 27 32 55 55
0639_0007_0061_0025_0025.jpg 1 7 61 25 25
0640_0008_0010_0032_0032.jpg 1 8 10 32 32
0641_0024_0051_0031_0031.jpg 1 24 51 31 31
0642_0010_0005_0067_0067.jpg 1 10 5 67 67
0643_0014_0016_0060_0060.jpg 1 14 16 60 60
0644_0037_0033_0031_0031.jpg 1 37 33 31 31
0645_0010_0039_0032_0032.jpg 1 10 39 32 32
0646_0030_0008_0059_0059.jpg 1 30 8 59 59
0647_0019_0044_0031_0031.jpg 1 19 44 31 31
0648_0043_0050_0039_0039.jpg 1 43 50 39 39
0649_0034_0026_0057_0057.jpg 1 34 26 57 57
0650_0011_0037_0045_0045.jpg 1 11 37 45 45
0651_0018_0015_0035_0035.jpg 1 18 15 35 35
0652_0010_0025_0020_0020.jpg 1 10 25 20 20
0653_0062_0049_0030_0030.jpg 1 62 49 30 30
0654_0028_0008_0067_0067.jpg 1 28 8 67 67
0655_0065_0022_0026_0026.jpg 1 65 22 26 26
0656_0019_0026_0063_0063.jpg 1 19 26 63 63
0657_0050_0011_0044_0044.jpg 1 50 11 44 44
0658_0009_0017_0064_0064.jpg 1 9 17 64 64
0659_0013_0010_0028_0028.jpg 1 13 10 28 28
0660_0024_0029_0037_0037.jpg 1 24 29 37 37
0661_0031_0015_0065_0065.jpg 1 31 15 65 65
0662_0010_0024_0068_0068.jpg 1 10 24 68 68
0663_0061_0035_0022_0022.jpg 1 61 35 22 22
0664_0052_0070_0022_0022.jpg 1 52 70 22 22
0665_0010_0022_0062_0062.jpg 1 10 22 62 62
0666_0029_0020_0059_0059.jpg 1 29 20 59 59
0667_0022_0006_0061_0061.jpg 1 22 6 61 61
0668_0026_0040_0027_0027.jpg 1 26 40 27 27
0669_0006_0025_0062_0062.jpg 1 6 25 62 62
0670_0020_0009_0055_0055.jpg 1 20 9 55 55
0671_0022_0044_0050_0050.jpg 1 22 44 50 50
0672_0038_0034_0037_0037.jpg 1 38 34 37 37
0673_0034_0012_0057_0057.jpg 1 34 12 57 57
0674_0014_0018_0066_0066.jpg 1 14 18 66 66
0675_0010_0008_0066_0066.jpg 1 10 8 66 66
0676_0043_0008_0046_0046.jpg 1 43 8 46 46
0677_0026_0015_0060_0060.jpg 1 26 15 60 60
0678_0023_0043_0023_0023.jpg 1 23 43 23 23
0679_0014_0017_0053_0053.jpg 1 14 17 53 53
0680_0032_0015_0039_0039.jpg 1 32 15 39 39
0681_0043_0035_0033_0033.jpg 1 43 35 33 33
0682_0050_0034_0024_0024.jpg 1 50 34 24 24
0683_0028_0046_0034_0034.jpg 1 28 46 34 34
0684_0044_0023_0031_0031.jpg 1 44 23 31 31
0685_0038_0050_0035_0035.jpg 1 38 50 35 35
0686_0027_0017_0057_0057.jpg 1 27 17 57 57
0687_0042_0031_0039_0039.jpg 1 42 31 39 39
0688_0027_0021_0063_0063.jpg 1 27 21 63 63
0689_0022_0026_0048_0048.jpg 1 22 26 48 48
0690_0035_0052_0031_0031.jpg 1 35 52 31 31
0691_0014_0044_0046_0046.jpg 1 14 44 46 46
0692_0011_0015_0041_0041.jpg 1 11 15 41 41
0693_0052_0011_0040_0040.jpg 1 52 11 40 40
0694_0004_0034_0060_0060.jpg 1 4 34 60 60
0695_0018_0010_0066_0066.jpg 1 18 10 66 66
0696_0052_0030_0034_0034.jpg 1 52 30 34 34
0697_0037_0030_0056_0056.jpg 1 37 30 56 56
0698_0056_0037_0027_0027.jpg 1 56 37 27 27
0699_0008_0035_0057_0057.jpg 1 8 35 57 57
0700_0019_0011_0069_0069.jpg 1 19 11 69 69
0701_0045_0051_0027_0027.jpg 1 45 51 27 27
0702_0018_0009_0056_0056.jpg 1 18 9 56 56
0703_0028_0040_0033_0033.jpg 1 28 40 33 33
0704_0059_0037_0027_0027.jpg 1 59 37 27 27
0705_0014_0007_0058_0058.jpg 1 14 7 58 58
0706_0029_0020_0055_0055.jpg 1 29 20 55 55
0707_0026_0051_0025_0025.jpg 1 26 51 25 25
0708_0033_0012_0045_0045.jpg 1 33 12 45 45
0709_0035_0025_0037_0037.jpg 1 35 25 37 37
0710_0024_0025_0063_0063.jpg 1 24 25 63 63
0711_0033_0042_0026_0026.jpg 1 33 42 26 26
0712_0060_0020_0020_0020.jpg 1 60 20 20 20
0713_0039_0015_0027_0027.jpg 1 39 15 27 27
0714_0031_0042_0050_0050.jpg 1 31 42 50 50
0715_0021_0038_0055_0055.jpg 1 21 38 55 55
0716_0038_0031_0032_0032.jpg 1 38 31 32 32
0717_0006_0036_0055_0055.jpg 1 6 36 55 55
0718_0014_0038_0048_0048.jpg 1 14 38 48 48
0719_0058_0063_0024_0024.jpg 1 58 63 24 24
0720_0038_0017_0045_0045.jpg 1 38 17 45 45
0721_0042_0007_0022_0022.jpg 1 42 7 22 22
0722_0007_0013_0065_0065.jpg 1 7 13 65 65
0723_0006_0037_0051_0051.jpg 1 6 37 51 51
0724_0039_0028_0047_0047.jpg 1 39 28 47 47
0725_0030_0009_0056_0056.jpg 1 30 9 56 56
0726_0033_0029_0062_0062.jpg 1 33 29 62 62
0727_0030_0033_0057_0057.jpg 1 30 33 57 57
0728_0055_0015_0030_0030.jpg 1 55 15 30 30
0729_0020_0057_0021_0021.jpg 1 20 57 21 21
0730_0015_0017_0064_0064.jpg 1 15 17 64 64
0731_0035_0031_0047_0047.jpg 1 35 31 47 47
0732_0013_0019_0055_0055.jpg 1 13 19 55 55
0733_0005_0016_0059_0059.jpg 1 5 16 59 59
0734_0012_0019_0067_0067.jpg 1 12 19 67 67
0735_0013_0026_0064_0064.jpg 1 13 26 64 64
0736_0027_0024_0022_0022.jpg 1 27 24 22 22
0737_0040_0030_0044_0044.jpg 1 40 30 44 44
0738_0007_0042_0042_0042.jpg 1 7 42 42 42
0739_0034_0055_0036_0036.jpg 1 34 55 36 36
0740_0036_0026_0022_0022.jpg 1 36 26 22 22
0741_0055_0025_0038_0038.jpg 1 55 25 38 38
0742_0006_0040_0052_0052.jpg 1 6 40 52 52
0743_0022_0003_0067_0067.jpg 1 22 3 67 67
0744_0027_0042_0051_0051.jpg 1 27 42 51 51
0745_0050_0009_0030_0030.jpg 1 50 9 30 30
0746_0020_0007_0065_0065.jpg 1 20 7 65 65
0747_0012_0025_0036_0036.jpg 1 12 25 36 36
0748_0007_0016_0067_0067.jpg 1 7 16 67 67
0749_0039_0016_0055_0055.jpg 1 39 16 55 55
0750_0021_0047_0042_0042.jpg 1 21 47 42 42
0751_0014_0026_0048_0048.jpg 1 14 26 48 48
0752_0015_0026_0058_0058.jpg 1 15 26 58 58
0753_0016_0017_0060_0060.jpg 1 16 17 60 60
0754_0045_0036_0038_0038.jpg 1 45 36 38 38
0755_0008_0032_0039_0039.jpg 1 8 32 39 39
0756_0006_0021_0064_0064.jpg 1 6 21 64 64
0757_0010_0012_0062_0062.jpg 1 10 12 62 62
0758_0050_0055_0034_0034.jpg 1 50 55 34 34
0759_0015_0009_0063_0063.jpg 1 15 9 63 63
0760_0008_0054_0027_0027.jpg 1 8 54 27 27
0761_0012_0044_0048_0048.jpg 1 12 44 48 48
0762_0045_0016_0045_0045.jpg 1 45 16 45 45
0763_0018_0016_0063_0063.jpg 1 18 16 63 63
0764_0016_0012_0045_0045.jpg 1 16 12 45 45
0765_0040_0065_0020_0020.jpg 1 40 65 20 20
0766_0045_0019_0045_0045.jpg 1 45 19 45 45
0767_0005_0008_0064_0064.jpg 1 5 8 64 64
0768_0017_0010_0067_0067.jpg 1 17 10 67 67
0769_0009_0008_0069_0069.jpg 1 9 8 69 69
0770_0031_0016_0042_0042.jpg 1 31 16 42 42
0771_0060_0015_0029_0029.jpg 1 60 15 29 29
0772_0016_0020_0044_0044.jpg 1 16 20 44 44
0773_0026_0033_0063_0063.jpg 1 26 33 63 63
0774_0024_0023_0051_0051.jpg 1 24 23 51 51
0775_0012_0015_0061_0061.jpg 1 12 15 61 61
0776_0033_0054_0032_0032.jpg 1 33 54 32 32
0777_0007_0006_0036_0036.jpg 1 7 6 36 36
0778_0025_0041_0041_0041.jpg 1 25 41 41 41
0779_0020_0034_0051_0051.jpg 1 20 34 51 51
0780_0009_0025_0060_0060.jpg 1 9 25 60 60
0781_0055_0058_0030_0030.jpg 1 55 58 30 30
0782_0005_0005_0044_0044.jpg 1 5 5 44 44
0783_0053_0026_0040_0040.jpg 1 53 26 40 40
0784_0027_0050_0037_0037.jpg 1 27 50 37 37
0785_0026_0015_0068_0068.jpg 1 26 15 68 68
0786_0038_0018_0054_0054.jpg 1 38 18 54 54
0787_0055_0030_0020_0020.jpg 1 55 30 20 20
0788_0022_0033_0054_0054.jpg 1 22 33 54 54
0789_0015_0005_0067_0067.jpg 1 15 5 67 67
0790_0020_0017_0059_0059.jpg 1 20 17 59 59
0791_0025_0019_0059_0059.jpg 1 25 19 59 59
0792_0013_0012_0024_0024.jpg 1 13 12 24 24
0793_0008_0045_0034_0034.jpg 1 8 45 34 34
0794_0040_0008_0051_0051.jpg 1 40 8 51 51
0795_0037_0013_0035_0035.jpg 1 37 13 35 35
0796_0016_0022_0044_0044.jpg 1 16 22 44 44
0797_0015_0040_0045_0045.jpg 1 15 40 45 45
0798_0007_0032_0063_0063.jpg 1 7 32 63 63
0799_0035_0037_0048_0048.jpg 1 35 37 48 48
0800_0020_0024_0066_0066.jpg 1 20 24 66 66
0801_0049_0047_0029_0029.jpg 1 49 47 29 29
0802_0032_0035_0052_0052.jpg 1 32 35 52 52
0803_0012_0021_0069_0069.jpg 1 12 21 69 69
0804_0049_0036_0026_0026.jpg 1 49 36 26 26
0805_0022_0013_0061_0061.jpg 1 22 13 61 61
0806_0014_0022_0030_0030.jpg 1 14 22 30 30
0807_0008_0034_0054_0054.jpg 1 8 34 54 54
0808_0036_0032_0041_0041.jpg 1 36 32 41 41
0809_0024_0010_0042_0042.jpg 1 24 10 42 42
0810_0053_0046_0034_0034.jpg 1 53 46 34 34
0811_0011_0018_0062_0062.jpg 1 11 18 62 62
0812_0010_0011_0038_0038.jpg 1 10 11 38 38
0813_0026_0019_0055_0055.jpg 1 26 19 55 55
0814_0011_0010_0059_0059.jpg 1 11 10 59 59
0815_0027_0020_0036_0036.jpg 1 27 20 36 36
0816_0027_0021_0069_0069.jpg 1 27 21 69 69
0817_0035_0008_0044_0044.jpg 1 35 8 44 44
0818_0010_0047_0045_0045.jpg 1 10 47 45 45
0819_0013_0024_0042_0042.jpg 1 13 24 42 42
0820_0006_0024_0056_0056.jpg 1 6 24 56 56
0821_0033_0020_0057_0057.jpg 1 33 20 57 57
0822_0022_0026_0062_0062.jpg 1 22 26 62 62
0823_0028_0015_0063_0063.jpg 1 28 15 63 63
0824_0017_0019_0055_0055.jpg 1 17 19 55 55
0825_0022_0027_0069_0069.jpg 1 22 27 69 69
0826_0039_0029_0053_0053.jpg 1 39 29 53 53
0827_0009_0010_0022_0022.jpg 1 9 10 22 22
0828_0054_0036_0021_0021.jpg 1 54 36 21 21
0829_0015_0008_0064_0064.jpg 1 15 8 64 64
0830_0007_0022_0059_0059.jpg 1 7 22 59 59
0831_0025_0028_0052_0052.jpg 1 25 28 52 52
0832_0029_0038_0056_0056.jpg 1 29 38 56 56
0833_0013_0017_0031_0031.jpg 1 13 17 31 31
0834_0013_0007_0047_0047.jpg 1 13 7 47 47
0835_0022_0040_0051_0051.jpg 1 22 40 51 51
0836_0028_0012_0047_0047.jpg 1 28 12 47 47
0837_0009_0015_0040_0040.jpg 1 9 15 40 40
0838_0012_0019_0054_0054.jpg 1 12 19 54 54
0839_0008_0008_0055_0055.jpg 1 8 8 55 55
0840_0004_0019_0056_0056.jpg 1 4 19 56 56
0841_0029_0020_0049_0049.jpg 1 29 20 49 49
0842_0026_0005_0067_0067.jpg 1 26 5 67 67
0843_0015_0018_0067_0067.jpg 1 15 18 67 67
0844_0062_0037_0023_0023.jpg 1 62 37 23 23
0845_0027_0006_0064_0064.jpg 1 27 6 64 64
0846_0046_0017_0041_0041.jpg 1 46 17 41 41
0847_0050_0010_0037_0037.jpg 1 50 10 37 37
0848_0023_0010_0058_0058.jpg 1 23 10 58 58
0849_0063_0029_0023_0023.jpg 1 63 29 23 23
0850_0024_0017_0069_0069.jpg 1 24 17 69 69
0851_0014_0015_0067_0067.jpg 1 14 15 67 67
0852_0019_0029_0063_0063.jpg 1 19 29 63 63
0853_0026_0011_0069_0069.jpg 1 26 11 69 69
0854_0021_0015_0065_0065.jpg 1 21 15 65 65
0855_0035_0054_0021_0021.jpg 1 35 54 21 21
0856_0026_0026_0046_0046.jpg 1 26 26 46 46
0857_0038_0042_0032_0032.jpg 1 38 42 32 32
0858_0034_0037_0051_0051.jpg 1 34 37 51 51
0859_0021_0008_0066_0066.jpg 1 21 8 66 66
0860_0025_0022_0067_0067.jpg 1 25 22 67 67
0861_0006_0017_0037_0037.jpg 1 6 17 37 37
0862_0028_0028_0066_0066.jpg 1 28 28 66 66
0863_0036_0014_0056_0056.jpg 1 36 14 56 56
0864_0044_0030_0042_0042.jpg 1 44 30 42 42
0865_0039_0039_0053_0053.jpg 1 39 39 53 53
0866_0005_0012_0061_0061.jpg 1 5 12 61 61
0867_0062_0027_0023_0023.jpg 1 62 27 23 23
0868_0012_0025_0068_0068.jpg 1 12 25 68 68
0869_0091_0021_0042_0042.jpg 1 91 21 42 42
0870_0016_0004_0062_0062.jpg 1 16 4 62 62
0871_0027_0018_0057_0057.jpg 1 27 18 57 57
0872_0059_0045_0025_0025.jpg 1 59 45 25 25
0873_0020_0006_0055_0055.jpg 1 20 6 55 55
0874_0021_0012_0061_0061.jpg 1 21 12 61 61
0875_0041_0017_0036_0036.jpg 1 41 17 36 36
0876_0027_0047_0022_0022.jpg 1 27 47 22 22
0877_0026_0005_0062_0062.jpg 1 26 5 62 62
0878_0029_0018_0062_0062.jpg 1 29 18 62 62
0879_0010_0035_0036_0036.jpg 1 10 35 36 36
0880_0029_0031_0051_0051.jpg 1 29 31 51 51
0881_0046_0048_0044_0044.jpg 1 46 48 44 44
0882_0012_0010_0048_0048.jpg 1 12 10 48 48
0883_0005_0003_0069_0069.jpg 1 5 3 69 69
0884_0010_0027_0049_0049.jpg 1 10 27 49 49
0885_0008_0032_0051_0051.jpg 1 8 32 51 51
0886_0033_0034_0058_0058.jpg 1 33 34 58 58
0887_0038_0028_0031_0031.jpg 1 38 28 31 31
0888_0014_0026_0051_0051.jpg 1 14 26 51 51
0889_0014_0035_0035_0035.jpg 1 14 35 35 35
0890_0029_0036_0041_0041.jpg 1 29 36 41 41
0891_0009_0018_0063_0063.jpg 1 9 18 63 63
0892_0024_0014_0031_0031.jpg 1 24 14 31 31
0893_0018_0020_0067_0067.jpg 1 18 20 67 67
0894_0019_0011_0057_0057.jpg 1 19 11 57 57
0895_0014_0032_0052_0052.jpg 1 14 32 52 52
0896_0036_0044_0042_0042.jpg 1 36 44 42 42
0897_0023_0019_0049_0049.jpg 1 23 19 49 49
0898_0041_0019_0022_0022.jpg 1 41 19 22 22
0899_0037_0034_0057_0057.jpg 1 37 34 57 57
0900_0058_0058_0032_0032.jpg 1 58 58 32 32
0901_0048_0036_0023_0023.jpg 1 48 36 23 23
0902_0012_0013_0056_0056.jpg 1 12 13 56 56
0903_0040_0032_0034_0034.jpg 1 40 32 34 34
0904_0016_0020_0064_0064.jpg 1 16 20 64 64
0905_0027_0018_0048_0048.jpg 1 27 18 48 48
0906_0050_0041_0035_0035.jpg 1 50 41 35 35
0907_0040_0057_0020_0020.jpg 1 40 57 20 20
0908_0033_0025_0057_0057.jpg 1 33 25 57 57
0909_0055_0047_0034_0034.jpg 1 55 47 34 34
0910_0008_0048_0038_0038.jpg 1 8 48 38 38
0911_0025_0017_0036_0036.jpg 1 25 17 36 36
0912_0023_0032_0043_0043.jpg 1 23 32 43 43
0913_0012_0005_0053_0053.jpg 1 12 5 53 53
0914_0031_0033_0035_0035.jpg 1 31 33 35 35
0915_0009_0024_0066_0066.jpg 1 9 24 66 66
0916_0019_0014_0059_0059.jpg 1 19 14 59 59
0917_0039_0031_0050_0050.jpg 1 39 31 50 50
0918_0032_0044_0034_0034.jpg 1 32 44 34 34
0919_0018_0052_0022_0022.jpg 1 18 52 22 22
0920_0009_0055_0027_0027.jpg 1 9 55 27 27
0921_0034_0031_0026_0026.jpg 1 34 31 26 26
0922_0029_0036_0043_0043.jpg 1 29 36 43 43
0923_0035_0016_0052_0052.jpg 1 35 16 52 52
0924_0012_0007_0069_0069.jpg 1 12 7 69 69
0925_0027_0006_0069_0069.jpg 1 27 6 69 69
0926_0023_0033_0035_0035.jpg 1 23 33 35 35
0927_0034_0031_0048_0048.jpg 1 34 31 48 48
0928_0024_0015_0029_0029.jpg 1 24 15 29 29
0929_0052_0017_0033_0033.jpg 1 52 17 33 33
0930_0059_0041_0024_0024.jpg 1 59 41 24 24
0931_0043_0022_0041_0041.jpg 1 43 22 41 41
0932_0009_0034_0054_0054.jpg 1 9 34 54 54
0933_0008_0018_0058_0058.jpg 1 8 18 58 58
0934_0032_0028_0045_0045.jpg 1 32 28 45 45
0935_0027_0036_0033_0033.jpg 1 27 36 33 33
0936_0008_0023_0052_0052.jpg 1 8 23 52 52
0937_0048_0044_0046_0046.jpg 1 48 44 46 46
0938_0017_0025_0028_0028.jpg 1 17 25 28 28
0939_0014_0027_0069_0069.jpg 1 14 27 69 69
0940_0039_0020_0049_0049.jpg 1 39 20 49 49
0941_0038_0012_0046_0046.jpg 1 38 12 46 46
0942_0043_0009_0038_0038.jpg 1 43 9 38 38
0943_0024_0014_0069_0069.jpg 1 24 14 69 69
0944_0017_0027_0059_0059.jpg 1 17 27 59 59
0945_0007_0023_0057_0057.jpg 1 7 23 57 57
0946_0041_0006_0041_0041.jpg 1 41 6 41 41
0947_0009_0059_0029_0029.jpg 1 9 59 29 29
0948_0017_0050_0021_0021.jpg 1 17 50 21 21
0949_0034_0020_0039_0039.jpg 1 34 20 39 39
0950_0026_0025_0067_0067.jpg 1 26 25 67 67
0951_0030_0033_0053_0053.jpg 1 30 33 53 53
0952_0039_0008_0051_0051.jpg 1 39 8 51 51
0953_0031_0027_0062_0062.jpg 1 31 27 62 62
0954_0009_0041_0041_0041.jpg 1 9 41 41 41
0955_0009_0044_0036_0036.jpg 1 9 44 36 36
0956_0015_0017_0067_0067.jpg 1 15 17 67 67
0957_0021_0019_0061_0061.jpg 1 21 19 61 61
0958_0007_0021_0041_0041.jpg 1 7 21 41 41
0959_0023_0031_0062_0062.jpg 1 23 31 62 62
0960_0016_0064_0026_0026.jpg 1 16 64 26 26
0961_0024_0010_0051_0051.jpg 1 24 10 51 51
0962_0010_0006_0067_0067.jpg 1 10 6 67 67
0963_0027_0022_0068_0068.jpg 1 27 22 68 68
0964_0012_0053_0027_0027.jpg 1 12 53 27 27
0965_0008_0012_0052_0052.jpg 1 8 12 52 52
0966_0022_0031_0030_0030.jpg 1 22 31 30 30
0967_0042_0025_0035_0035.jpg 1 42 25 35 35
0968_0008_0010_0056_0056.jpg 1 8 10 56 56
0969_0057_0007_0028_0028.jpg 1 57 7 28 28
0970_0021_0004_0066_0066.jpg 1 21 4 66 66
0971_0026_0021_0064_0064.jpg 1 26 21 64 64
0972_0006_0020_0064_0064.jpg 1 6 20 64 64
0973_0036_0064_0026_0026.jpg 1 36 64 26 26
0974_0035_0009_0059_0059.jpg 1 35 9 59 59
0975_0022_0031_0058_0058.jpg 1 22 31 58 58
0976_0018_0027_0052_0052.jpg 1 18 27 52 52
0977_0008_0033_0055_0055.jpg 1 8 33 55 55
0978_0037_0016_0058_0058.jpg 1 37 16 58 58
0979_0045_0013_0030_0030.jpg 1 45 13 30 30
0980_0008_0005_0046_0046.jpg 1 8 5 46 46
0981_0028_0025_0041_0041.jpg 1 28 25 41 41
0982_0048_0018_0021_0021.jpg 1 48 18 21 21
0983_0014_0004_0067_0067.jpg 1 14 4 67 67
0984_0018_0048_0043_0043.jpg 1 18 48 43 43
0985_0023_0022_0027_0027.jpg 1 23 22 27 27
0986_0008_0041_0045_0045.jpg 1 8 41 45 45
0987_0005_0013_0067_0067.jpg 1 5 13 67 67
0988_0009_0018_0048_0048.jpg 1 9 18 48 48
0989_0010_0037_0054_0054.jpg 1 10 37 54 54
0990_0031_0020_0061_0061.jpg 1 31 20 61 61
0991_0003_0005_0068_0068.jpg 1 3 5 68 68
0992_0051_0030_0041_0041.jpg 1 51 30 41 41
0993_0047_0023_0044_0044.jpg 1 47 23 44 44
0994_0015_0025_0063_0063.jpg 1 15 25 63 63
0995_0037_0049_0038_0038.jpg 1 37 49 38 38
0996_0035_0021_0053_0053.jpg 1 35 21 53 53
0997_0022_0052_0028_0028.jpg 1 22 52 28 28
0998_0008_0026_0059_0059.jpg 1 8 26 59 59
0999_0030_0039_0031_0031.jpg 1 30 39 31 31
1000_0008_0023_0068_0068.jpg 1 8 23 68 68
1001_0026_0018_0068_0068.jpg 1 26 18 68 68
1002_0027_0014_0053_0053.jpg 1 27 14 53 53
1003_0017_0031_0064_0064.jpg 1 17 31 64 64
1004_0006_0007_0064_0064.jpg 1 6 7 64 64
1005_0035_0050_0020_0020.jpg 1 35 50 20 20
1006_0036_0016_0050_0050.jpg 1 36 16 50 50
1007_0027_0024_0043_0043.jpg 1 27 24 43 43
1008_0050_0039_0037_0037.jpg 1 50 39 37 37
1009_0055_0034_0028_0028.jpg 1 55 34 28 28
1010_0053_0038_0026_0026.jpg 1 53 38 26 26
1011_0041_0042_0038_0038.jpg 1 41 42 38 38
1012_0017_0006_0041_0041.jpg 1 17 6 41 41
1013_0058_0045_0030_0030.jpg 1 58 45 30 30
1014_0022_0034_0047_0047.jpg 1 22 34 47 47
1015_0019_0016_0067_0067.jpg 1 19 16 67 67
1016_0038_0043_0033_0033.jpg 1 38 43 33 33
1017_0009_0015_0058_0058.jpg 1 9 15 58 58
1018_0013_0016_0066_0066.jpg 1 13 16 66 66
1019_0049_0019_0043_0043.jpg 1 49 19 43 43
1020_0019_0006_0050_0050.jpg 1 19 6 50 50
1021_0023_0040_0044_0044.jpg 1 23 40 44 44
1022_0058_0052_0035_0035.jpg 1 58 52 35 35
1023_0043_0013_0046_0046.jpg 1 43 13 46 46
1024_0045_0066_0021_0021.jpg 1 45 66 21 21
1025_0024_0055_0035_0035.jpg 1 24 55 35 35
1026_0064_0031_0022_0022.jpg 1 64 31 22 22
1027_0004_0013_0062_0062.jpg 1 4 13 62 62
1028_0044_0044_0049_0049.jpg 1 44 44 49 49
1029_0015_0032_0054_0054.jpg 1 15 32 54 54
1030_0009_0049_0043_0043.jpg 1 9 49 43 43
1031_0039_0045_0044_0044.jpg 1 39 45 44 44
1032_0027_0024_0050_0050.jpg 1 27 24 50 50
1033_0035_0036_0039_0039.jpg 1 35 36 39 39
1034_0010_0010_0022_0022.jpg 1 10 10 22 22
1035_0059_0038_0033_0033.jpg 1 59 38 33 33
1036_0046_0039_0040_0040.jpg 1 46 39 40 40
1037_0042_0011_0036_0036.jpg 1 42 11 36 36
1038_0027_0013_0069_0069.jpg 1 27 13 69 69
1039_0046_0026_0033_0033.jpg 1 46 26 33 33
1040_0035_0038_0051_0051.jpg 1 35 38 51 51
1041_0017_0037_0049_0049.jpg 1 17 37 49 49
1042_0026_0035_0060_0060.jpg 1 26 35 60 60
1043_0016_0041_0041_0041.jpg 1 16 41 41 41
1044_0027_0023_0056_0056.jpg 1 27 23 56 56
1045_0042_0036_0049_0049.jpg 1 42 36 49 49
1046_0022_0038_0043_0043.jpg 1 22 38 43 43
1047_0035_0037_0042_0042.jpg 1 35 37 42 42
1048_0031_0025_0058_0058.jpg 1 31 25 58 58
1049_0037_0035_0044_0044.jpg 1 37 35 44 44
1050_0014_0005_0066_0066.jpg 1 14 5 66 66
1051_0018_0059_0024_0024.jpg 1 18 59 24 24
1052_0007_0026_0043_0043.jpg 1 7 26 43 43
1053_0032_0009_0022_0022.jpg 1 32 9 22 22
1054_0038_0041_0049_0049.jpg 1 38 41 49 49
1055_0019_0006_0063_0063.jpg 1 19 6 63 63
1056_0026_0020_0068_0068.jpg 1 26 20 68 68
1057_0032_0029_0044_0044.jpg 1 32 29 44 44
1058_0034_0034_0038_0038.jpg 1 34 34 38 38
1059_0004_0029_0064_0064.jpg 1 4 29 64 64
1060_0064_0022_0027_0027.jpg 1 64 22 27 27
1061_0003_0018_0065_0065.jpg 1 3 18 65 65
1062_0045_0028_0032_0032.jpg 1 45 28 32 32
1063_0050_0021_0042_0042.jpg 1 50 21 42 42
1064_0028_0008_0055_0055.jpg 1 28 8 55 55
1065_0012_0016_0062_0062.jpg 1 12 16 62 62
1066_0016_0036_0037_0037.jpg 1 16 36 37 37
1067_0025_0011_0068_0068.jpg 1 25 11 68 68
1068_0028_0037_0049_0049.jpg 1 28 37 49 49
1069_0048_0023_0037_0037.jpg 1 48 23 37 37
1070_0035_0054_0036_0036.jpg 1 35 54 36 36
1071_0054_0030_0029_0029.jpg 1 54 30 29 29
1072_0018_0017_0038_0038.jpg 1 18 17 38 38
1073_0045_0048_0045_0045.jpg 1 45 48 45 45
1074_0005_0014_0061_0061.jpg 1 5 14 61 61
1075_0014_0005_0056_0056.jpg 1 14 5 56 56
1076_0035_0039_0048_0048.jpg 1 35 39 48 48
1077_0026_0014_0068_0068.jpg 1 26 14 68 68
1078_0063_0020_0024_0024.jpg 1 63 20 24 24
1079_0014_0015_0042_0042.jpg 1 14 15 42 42
1080_0054_0047_0033_0033.jpg 1 54 47 33 33
1081_0018_0023_0022_0022.jpg 1 18 23 22 22
1082_0038_0020_0055_0055.jpg 1 38 20 55 55
1083_0024_0045_0027_0027.jpg 1 24 45 27 27
1084_0015_0019_0064_0064.jpg 1 15 19 64 64
1085_0032_0051_0031_0031.jpg 1 32 51 31 31
1086_0040_0041_0042_0042.jpg 1 40 41 42 42
1087_0043_0060_0020_0020.jpg 1 43 60 20 20
1088_0014_0019_0048_0048.jpg 1 14 19 48 48
1089_0007_0038_0040_0040.jpg 1 7 38 40 40
1090_0059_0064_0028_0028.jpg 1 59 64 28 28
1091_0031_0038_0040_0040.jpg 1 31 38 40 40
1092_0020_0021_0028_0028.jpg 1 20 21 28 28
1093_0007_0029_0065_0065.jpg 1 7 29 65 65
1094_0018_0031_0049_0049.jpg 1 18 31 49 49
1095_0008_0018_0061_0061.jpg 1 8 18 61 61
1096_0035_0006_0045_0045.jpg 1 35 6 45 45
1097_0038_0005_0050_0050.jpg 1 38 5 50 50
1098_0069_0030_0020_0020.jpg 1 69 30 20 20
1099_0014_0037_0030_0030.jpg 1 14 37 30 30
1100_0005_0023_0054_0054.jpg 1 5 23 54 54
1101_0016_0024_0047_0047.jpg 1 16 24 47 47
1102_0034_0010_0036_0036.jpg 1 34 10 36 36
1103_0021_0004_0055_0055.jpg 1 21 4 55 55
1104_0026_0018_0051_0051.jpg 1 26 18 51 51
1105_0059_0041_0026_0026.jpg 1 59 41 26 26
1106_0042_0027_0035_0035.jpg 1 42 27 35 35
1107_0025_0041_0044_0044.jpg 1 25 41 44 44
1108_0046_0026_0047_0047.jpg 1 46 26 47 47
1109_0044_0034_0034_0034.jpg 1 44 34 34 34
1110_0018_0019_0051_0051.jpg 1 18 19 51 51
1111_0012_0031_0052_0052.jpg 1 12 31 52 52
1112_0013_0016_0051_0051.jpg 1 13 16 51 51
1113_0024_0005_0062_0062.jpg 1 24 5 62 62
1114_0007_0020_0066_0066.jpg 1 7 20 66 66
1115_0055_0035_0022_0022.jpg 1 55 35 22 22
1116_0050_0036_0020_0020.jpg 1 50 36 20 20
1117_0037_0028_0055_0055.jpg 1 37 28 55 55
1118_0052_0037_0030_0030.jpg 1 52 37 30 30
1119_0041_0046_0045_0045.jpg 1 41 46 45 45
1120_0022_0040_0055_0055.jpg 1 22 40 55 55
1121_0013_0045_0035_0035.jpg 1 13 45 35 35
1122_0053_0060_0025_0025.jpg 1 53 60 25 25
1123_0030_0019_0048_0048.jpg 1 30 19 48 48
1124_0012_0023_0061_0061.jpg 1 12 23 61 61
1125_0043_0041_0032_0032.jpg 1 43 41 32 32
1126_0035_0028_0028_0028.jpg 1 35 28 28 28
1127_0007_0019_0060_0060.jpg 1 7 19 60 60
1128_0044_0040_0050_0050.jpg 1 44 40 50 50
1129_0019_0028_0042_0042.jpg 1 19 28 42 42
1130_0006_0009_0063_0063.jpg 1 6 9 63 63
1131_0012_0049_0021_0021.jpg 1 12 49 21 21
1132_0010_0033_0044_0044.jpg 1 10 33 44 44
1133_0031_0038_0035_0035.jpg 1 31 38 35 35
1134_0044_0037_0036_0036.jpg 1 44 37 36 36
1135_0029_0011_0062_0062.jpg 1 29 11 62 62
1136_0013_0007_0041_0041.jpg 1 13 7 41 41
1137_0023_0010_0057_0057.jpg 1 23 10 57 57
1138_0046_0046_0043_0043.jpg 1 46 46 43 43
1139_0009_0036_0036_0036.jpg 1 9 36 36 36
1140_0188_0012_0048_0048.jpg 1 188 12 48 48
1141_0007_0047_0042_0042.jpg 1 7 47 42 42
1142_0020_0026_0068_0068.jpg 1 20 26 68 68
1143_0007_0012_0057_0057.jpg 1 7 12 57 57
1144_0058_0060_0031_0031.jpg 1 58 60 31 31
1145_0050_0028_0037_0037.jpg 1 50 28 37 37
1146_0008_0026_0067_0067.jpg 1 8 26 67 67
1147_0012_0016_0024_0024.jpg 1 12 16 24 24
1148_0031_0038_0054_0054.jpg 1 31 38 54 54
1149_0054_0052_0039_0039.jpg 1 54 52 39 39
1150_0020_0024_0058_0058.jpg 1 20 24 58 58
1151_0025_0020_0062_0062.jpg 1 25 20 62 62
1152_0055_0058_0033_0033.jpg 1 55 58 33 33
1153_0009_0007_0054_0054.jpg 1 9 7 54 54
1154_0012_0007_0061_0061.jpg 1 12 7 61 61
1155_0036_0052_0036_0036.jpg 1 36 52 36 36
1156_0032_0010_0038_0038.jpg 1 32 10 38 38
1157_0015_0023_0068_0068.jpg 1 15 23 68 68
1158_0022_0020_0057_0057.jpg 1 22 20 57 57
1159_0018_0043_0026_0026.jpg 1 18 43 26 26
1160_0023_0008_0069_0069.jpg 1 23 8 69 69
1161_0024_0031_0021_0021.jpg 1 24 31 21 21
1162_0017_0020_0030_0030.jpg 1 17 20 30 30
1163_0024_0042_0051_0051.jpg 1 24 42 51 51
1164_0015_0030_0031_0031.jpg 1 15 30 31 31
1165_0023_0041_0053_0053.jpg 1 23 41 53 53
1166_0008_0036_0043_0043.jpg 1 8 36 43 43
1167_0010_0036_0047_0047.jpg 1 10 36 47 47
1168_0016_0006_0051_0051.jpg 1 16 6 51 51
1169_0046_0028_0035_0035.jpg 1 46 28 35 35
1170_0020_0012_0056_0056.jpg 1 20 12 56 56
1171_0028_0011_0055_0055.jpg 1 28 11 55 55
1172_0054_0032_0025_0025.jpg 1 54 32 25 25
1173_0020_0052_0021_0021.jpg 1 20 52 21 21
1174_0021_0025_0067_0067.jpg 1 21 25 67 67
1175_0048_0018_0033_0033.jpg 1 48 18 33 33
1176_0030_0021_0057_0057.jpg 1 30 21 57 57
1177_0012_0022_0059_0059.jpg 1 12 22 59 59
1178_0009_0057_0023_0023.jpg 1 9 57 23 23
1179_0019_0054_0028_0028.jpg 1 19 54 28 28
1180_0015_0023_0068_0068.jpg 1 15 23 68 68
1181_0039_0032_0041_0041.jpg 1 39 32 41 41
1182_0027_0015_0050_0050.jpg 1 27 15 50 50
1183_0055_0053_0032_0032.jpg 1 55 53 32 32
1184_0034_0043_0031_0031.jpg 1 34 43 31 31
1185_0022_0024_0065_0065.jpg 1 22 24 65 65
1186_0031_0006_0047_0047.jpg 1 31 6 47 47
1187_0026_0034_0053_0053.jpg 1 26 34 53 53
1188_0040_0028_0044_0044.jpg 1 40 28 44 44
1189_0027_0023_0053_0053.jpg 1 27 23 53 53
1190_0042_0018_0050_0050.jpg 1 42 18 50 50
1191_0036_0026_0057_0057.jpg 1 36 26 57 57
1192_0034_0023_0058_0058.jpg 1 34 23 58 58
1193_0042_0008_0040_0040.jpg 1 42 8 40 40
1194_0051_0013_0033_0033.jpg 1 51 13 33 33
1195_0044_0031_0029_0029.jpg 1 44 31 29 29
1196_0029_0030_0043_0043.jpg 1 29 30 43 43
1197_0047_0054_0033_0033.jpg 1 47 54 33 33
1198_0018_0024_0054_0054.jpg 1 18 24 54 54
1199_0021_0008_0033_0033.jpg 1 21 8 33 33
1200_0024_0019_0037_0037.jpg 1 24 19 37 37
1201_0037_0021_0048_0048.jpg 1 37 21 48 48
1202_0022_0046_0025_0025.jpg 1 22 46 25 25
1203_0036_0007_0050_0050.jpg 1 36 7 50 50
1204_0011_0008_0041_0041.jpg 1 11 8 41 41
1205_0050_0008_0042_0042.jpg 1 50 8 42 42
1206_0005_0019_0069_0069.jpg 1 5 19 69 69
1207_0043_0022_0042_0042.jpg 1 43 22 42 42
1208_0009_0006_0067_0067.jpg 1 9 6 67 67
1209_0066_0050_0022_0022.jpg 1 66 50 22 22
1210_0019_0034_0057_0057.jpg 1 19 34 57 57
1211_0051_0040_0028_0028.jpg 1 51 40 28 28
1212_0049_0047_0038_0038.jpg 1 49 47 38 38
1213_0038_0024_0052_0052.jpg 1 38 24 52 52
1214_0056_0046_0025_0025.jpg 1 56 46 25 25
1215_0010_0029_0034_0034.jpg 1 10 29 34 34
1216_0017_0013_0039_0039.jpg 1 17 13 39 39
1217_0030_0025_0045_0045.jpg 1 30 25 45 45
1218_0013_0025_0048_0048.jpg 1 13 25 48 48
1219_0012_0018_0069_0069.jpg 1 12 18 69 69
1220_0027_0055_0037_0037.jpg 1 27 55 37 37
1221_0015_0029_0041_0041.jpg 1 15 29 41 41
1222_0021_0005_0066_0066.jpg 1 21 5 66 66
1223_0040_0033_0053_0053.jpg 1 40 33 53 53
1224_0020_0005_0067_0067.jpg 1 20 5 67 67
1225_0053_0046_0031_0031.jpg 1 53 46 31 31
1226_0029_0006_0061_0061.jpg 1 29 6 61 61
1227_0018_0046_0048_0048.jpg 1 18 46 48 48
1228_0050_0060_0021_0021.jpg 1 50 60 21 21
1229_0052_0057_0027_0027.jpg 1 52 57 27 27
1230_0027_0024_0068_0068.jpg 1 27 24 68 68
1231_0039_0017_0021_0021.jpg 1 39 17 21 21
1232_0035_0026_0034_0034.jpg 1 35 26 34 34
1233_0033_0023_0045_0045.jpg 1 33 23 45 45
1234_0006_0013_0056_0056.jpg 1 6 13 56 56
1235_0039_0024_0041_0041.jpg 1 39 24 41 41
1236_0047_0045_0047_0047.jpg 1 47 45 47 47
1237_0024_0035_0049_0049.jpg 1 24 35 49 49
1238_0014_0008_0069_0069.jpg 1 14 8 69 69
1239_0006_0012_0064_0064.jpg 1 6 12 64 64
1240_0025_0062_0029_0029.jpg 1 25 62 29 29
1241_0030_0069_0021_0021.jpg 1 30 69 21 21
1242_0040_0063_0024_0024.jpg 1 40 63 24 24
1243_0024_0043_0048_0048.jpg 1 24 43 48 48
1244_0015_0041_0024_0024.jpg 1 15 41 24 24
1245_0037_0039_0048_0048.jpg 1 37 39 48 48
1246_0031_0049_0033_0033.jpg 1 31 49 33 33
1247_0011_0028_0048_0048.jpg 1 11 28 48 48
1248_0051_0013_0024_0024.jpg 1 51 13 24 24
1249_0013_0020_0061_0061.jpg 1 13 20 61 61
1250_0010_0033_0057_0057.jpg 1 10 33 57 57
1251_0018_0013_0068_0068.jpg 1 18 13 68 68
1252_0033_0022_0063_0063.jpg 1 33 22 63 63
1253_0052_0044_0029_0029.jpg 1 52 44 29 29
1254_0012_0011_0051_0051.jpg 1 12 11 51 51
1255_0009_0025_0063_0063.jpg 1 9 25 63 63
1256_0026_0053_0038_0038.jpg 1 26 53 38 38
1257_0040_0037_0037_0037.jpg 1 40 37 37 37
1258_0019_0020_0065_0065.jpg 1 19 20 65 65
1259_0008_0024_0060_0060.jpg 1 8 24 60 60
1260_0035_0035_0037_0037.jpg 1 35 35 37 37
1261_0025_0023_0066_0066.jpg 1 25 23 66 66
1262_0031_0037_0048_0048.jpg 1 31 37 48 48
1263_0010_0046_0041_0041.jpg 1 10 46 41 41
1264_0033_0019_0062_0062.jpg 1 33 19 62 62
1265_0017_0055_0026_0026.jpg 1 17 55 26 26
1266_0006_0025_0055_0055.jpg 1 6 25 55 55
1267_0013_0059_0030_0030.jpg 1 13 59 30 30
1268_0055_0006_0036_0036.jpg 1 55 6 36 36
1269_0036_0038_0036_0036.jpg 1 36 38 36 36
1270_0035_0012_0043_0043.jpg 1 35 12 43 43
1271_0019_0011_0068_0068.jpg 1 19 11 68 68
1272_0023_0018_0069_0069.jpg 1 23 18 69 69
1273_0017_0005_0049_0049.jpg 1 17 5 49 49
1274_0022_0062_0027_0027.jpg 1 22 62 27 27
1275_0029_0038_0049_0049.jpg 1 29 38 49 49
1276_0033_0032_0061_0061.jpg 1 33 32 61 61
1277_0033_0016_0032_0032.jpg 1 33 16 32 32
1278_0028_0021_0066_0066.jpg 1 28 21 66 66
1279_0053_0053_0031_0031.jpg 1 53 53 31 31
1280_0016_0010_0052_0052.jpg 1 16 10 52 52
1281_0027_0039_0046_0046.jpg 1 27 39 46 46
1282_0014_0005_0065_0065.jpg 1 14 5 65 65
1283_0048_0046_0036_0036.jpg 1 48 46 36 36
1284_0020_0004_0067_0067.jpg 1 20 4 67 67
1285_0051_0032_0042_0042.jpg 1 51 32 42 42
1286_0022_0048_0020_0020.jpg 1 22 48 20 20
1287_0042_0007_0044_0044.jpg 1 42 7 44 44
1288_0020_0027_0063_0063.jpg 1 20 27 63 63
1289_0008_0026_0050_0050.jpg 1 8 26 50 50
1290_0036_0019_0048_0048.jpg 1 36 19 48 48
1291_0017_0021_0028_0028.jpg 1 17 21 28 28
1292_0019_0016_0036_0036.jpg 1 19 16 36 36
1293_0022_0003_0064_0064.jpg 1 22 3 64 64
1294_0030_0025_0057_0057.jpg 1 30 25 57 57
1295_0022_0060_0030_0030.jpg 1 22 60 30 30
1296_0035_0050_0041_0041.jpg 1 35 50 41 41
1297_0027_0024_0064_0064.jpg 1 27 24 64 64
1298_0018_0007_0057_0057.jpg 1 18 7 57 57
1299_0054_0057_0035_0035.jpg 1 54 57 35 35
1300_0047_0050_0028_0028.jpg 1 47 50 28 28
1301_0037_0009_0036_0036.jpg 1 37 9 36 36
1302_0018_0035_0056_0056.jpg 1 18 35 56 56
1303_0024_0008_0067_0067.jpg 1 24 8 67 67
1304_0015_0048_0038_0038.jpg 1 15 48 38 38
1305_0028_0017_0035_0035.jpg 1 28 17 35 35
1306_0005_0026_0056_0056.jpg 1 5 26 56 56
1307_0051_0059_0023_0023.jpg 1 51 59 23 23
1308_0015_0019_0020_0020.jpg 1 15 19 20 20
1309_0043_0011_0051_0051.jpg 1 43 11 51 51
1310_0004_0025_0065_0065.jpg 1 4 25 65 65
1311_0050_0013_0033_0033.jpg 1 50 13 33 33
1312_0028_0029_0065_0065.jpg 1 28 29 65 65
1313_0027_0067_0020_0020.jpg 1 27 67 20 20
1314_0028_0004_0056_0056.jpg 1 28 4 56 56
1315_0018_0022_0029_0029.jpg 1 18 22 29 29
1316_0035_0016_0058_0058.jpg 1 35 16 58 58
1317_0050_0055_0033_0033.jpg 1 50 55 33 33
1318_0030_0027_0033_0033.jpg 1 30 27 33 33
1319_0058_0042_0031_0031.jpg 1 58 42 31 31
1320_0025_0047_0023_0023.jpg 1 25 47 23 23
1321_0028_0006_0058_0058.jpg 1 28 6 58 58
1322_0019_0034_0026_0026.jpg 1 19 34 26 26
1323_0020_0009_0041_0041.jpg 1 20 9 41 41
1324_0018_0017_0041_0041.jpg 1 18 17 41 41
1325_0015_0008_0039_0039.jpg 1 15 8 39 39
1326_0020_0017_0067_0067.jpg 1 20 17 67 67
1327_0042_0041_0037_0037.jpg 1 42 41 37 37
1328_0032_0049_0041_0041.jpg 1 32 49 41 41
1329_0045_0046_0042_0042.jpg 1 45 46 42 42
1330_0034_0037_0052_0052.jpg 1 34 37 52 52
1331_0011_0026_0053_0053.jpg 1 11 26 53 53
1332_0023_0023_0057_0057.jpg 1 23 23 57 57
1333_0029_0042_0049_0049.jpg 1 29 42 49 49
1334_0034_0068_0021_0021.jpg 1 34 68 21 21
1335_0012_0010_0027_0027.jpg 1 12 10 27 27
1336_0010_0035_0059_0059.jpg 1 10 35 59 59
1337_0004_0009_0067_0067.jpg 1 4 9 67 67
1338_0044_0034_0041_0041.jpg 1 44 34 41 41
1339_0024_0013_0059_0059.jpg 1 24 13 59 59
1340_0038_0036_0041_0041.jpg 1 38 36 41 41
1341_0017_0015_0028_0028.jpg 1 17 15 28 28
1342_0021_0030_0059_0059.jpg 1 21 30 59 59
1343_0020_0030_0056_0056.jpg 1 20 30 56 56
1344_0021_0049_0027_0027.jpg 1 21 49 27 27
1345_0024_0011_0068_0068.jpg 1 24 11 68 68
1346_0020_0009_0047_0047.jpg 1 20 9 47 47
1347_0032_0025_0052_0052.jpg 1 32 25 52 52
1348_0024_0005_0068_0068.jpg 1 24 5 68 68
1349_0051_0030_0035_0035.jpg 1 51 30 35 35
1350_0033_0012_0054_0054.jpg 1 33 12 54 54
1351_0015_0024_0041_0041.jpg 1 15 24 41 41
1352_0019_0049_0038_0038.jpg 1 19 49 38 38
1353_0036_0009_0030_0030.jpg 1 36 9 30 30
1354_0009_0004_0063_0063.jpg 1 9 4 63 63
1355_0015_0024_0067_0067.jpg 1 15 24 67 67
1356_0039_0036_0056_0056.jpg 1 39 36 56 56
1357_0011_0003_0069_0069.jpg 1 11 3 69 69
1358_0018_0036_0058_0058.jpg 1 18 36 58 58
1359_0016_0005_0056_0056.jpg 1 16 5 56 56
1360_0045_0062_0024_0024.jpg 1 45 62 24 24
1361_0017_0065_0024_0024.jpg 1 17 65 24 24
1362_0032_0008_0042_0042.jpg 1 32 8 42 42
1363_0018_0027_0067_0067.jpg 1 18 27 67 67
1364_0049_0059_0028_0028.jpg 1 49 59 28 28
1365_0045_0027_0022_0022.jpg 1 45 27 22 22
1366_0026_0046_0039_0039.jpg 1 26 46 39 39
1367_0027_0011_0054_0054.jpg 1 27 11 54 54
1368_0032_0036_0036_0036.jpg 1 32 36 36 36
1369_0006_0027_0065_0065.jpg 1 6 27 65 65
1370_0016_0053_0027_0027.jpg 1 16 53 27 27
1371_0013_0012_0039_0039.jpg 1 13 12 39 39
1372_0007_0028_0024_0024.jpg 1 7 28 24 24
1373_0019_0017_0049_0049.jpg 1 19 17 49 49
1374_0006_0044_0050_0050.jpg 1 6 44 50 50
1375_0028_0046_0042_0042.jpg 1 28 46 42 42
1376_0025_0017_0024_0024.jpg 1 25 17 24 24
1377_0017_0012_0045_0045.jpg 1 17 12 45 45
1378_0039_0060_0027_0027.jpg 1 39 60 27 27
1379_0055_0033_0031_0031.jpg 1 55 33 31 31
1380_0032_0031_0054_0054.jpg 1 32 31 54 54
1381_0036_0027_0034_0034.jpg 1 36 27 34 34
1382_0041_0020_0039_0039.jpg 1 41 20 39 39
1383_0061_0042_0031_0031.jpg 1 61 42 31 31
1384_0016_0019_0057_0057.jpg 1 16 19 57 57
1385_0057_0057_0023_0023.jpg 1 57 57 23 23
1386_0030_0019_0066_0066.jpg 1 30 19 66 66
1387_0014_0035_0038_0038.jpg 1 14 35 38 38
1388_0013_0029_0043_0043.jpg 1 13 29 43 43
1389_0036_0044_0048_0048.jpg 1 36 44 48 48
1390_0008_0013_0062_0062.jpg 1 8 13 62 62
1391_0024_0010_0065_0065.jpg 1 24 10 65 65
1392_0042_0042_0037_0037.jpg 1 42 42 37 37
1393_0061_0064_0023_0023.jpg 1 61 64 23 23
1394_0057_0059_0030_0030.jpg 1 57 59 30 30
1395_0020_0029_0053_0053.jpg 1 20 29 53 53
1396_0007_0050_0041_0041.jpg 1 7 50 41 41
1397_0009_0018_0026_0026.jpg 1 9 18 26 26
1398_0013_0038_0054_0054.jpg 1 13 38 54 54
1399_0033_0041_0050_0050.jpg 1 33 41 50 50
1400_0016_0122_0028_0028.jpg 1 16 122 28 28
1401_0017_0015_0035_0035.jpg 1 17 15 35 35
1402_0032_0024_0047_0047.jpg 1 32 24 47 47
1403_0014_0015_0045_0045.jpg 1 14 15 45 45
1404_0018_0022_0065_0065.jpg 1 18 22 65 65
1405_0059_0032_0025_0025.jpg 1 59 32 25 25
1406_0048_0007_0042_0042.jpg 1 48 7 42 42
1407_0052_0059_0022_0022.jpg 1 52 59 22 22
1408_0009_0010_0042_0042.jpg 1 9 10 42 42
1409_0015_0012_0059_0059.jpg 1 15 12 59 59
1410_0008_0016_0066_0066.jpg 1 8 16 66 66
1411_0011_0020_0065_0065.jpg 1 11 20 65 65
1412_0018_0015_0042_0042.jpg 1 18 15 42 42
1413_0037_0017_0057_0057.jpg 1 37 17 57 57
1414_0016_0061_0032_0032.jpg 1 16 61 32 32
1415_0032_0027_0058_0058.jpg 1 32 27 58 58
1416_0039_0054_0023_0023.jpg 1 39 54 23 23
1417_0060_0008_0021_0021.jpg 1 60 8 21 21
1418_0048_0042_0042_0042.jpg 1 48 42 42 42
1419_0010_0023_0063_0063.jpg 1 10 23 63 63
1420_0049_0030_0032_0032.jpg 1 49 30 32 32
1421_0056_0036_0026_0026.jpg 1 56 36 26 26
1422_0031_0019_0045_0045.jpg 1 31 19 45 45
1423_0037_0031_0033_0033.jpg 1 37 31 33 33
1424_0004_0027_0067_0067.jpg 1 4 27 67 67
1425_0022_0029_0047_0047.jpg 1 22 29 47 47
1426_0028_0005_0055_0055.jpg 1 28 5 55 55
1427_0009_0040_0035_0035.jpg 1 9 40 35 35
1428_0011_0026_0043_0043.jpg 1 11 26 43 43
1429_0049_0034_0042_0042.jpg 1 49 34 42 42
1430_0029_0016_0050_0050.jpg 1 29 16 50 50
1431_0031_0010_0040_0040.jpg 1 31 10 40 40
1432_0041_0041_0047_0047.jpg 1 41 41 47 47
1433_0039_0012_0024_0024.jpg 1 39 12 24 24
1434_0006_0036_0039_0039.jpg 1 6 36 39 39
1435_0040_0045_0043_0043.jpg 1 40 45 43 43
1436_0018_0038_0041_0041.jpg 1 18 38 41 41
1437_0035_0008_0047_0047.jpg 1 35 8 47 47
1438_0018_0032_0054_0054.jpg 1 18 32 54 54
1439_0019_0020_0063_0063.jpg 1 19 20 63 63
1440_0058_0060_0028_0028.jpg 1 58 60 28 28
1441_0017_0019_0069_0069.jpg 1 17 19 69 69
1442_0031_0006_0039_0039.jpg 1 31 6 39 39
1443_0011_0050_0032_0032.jpg 1 11 50 32 32
1444_0007_0012_0069_0069.jpg 1 7 12 69 69
1445_0041_0010_0039_0039.jpg 1 41 10 39 39
1446_0012_0010_0066_0066.jpg 1 12 10 66 66
1447_0007_0012_0065_0065.jpg 1 7 12 65 65
1448_0009_0009_0020_0020.jpg 1 9 9 20 20
1449_0010_0006_0067_0067.jpg 1 10 6 67 67
1450_0024_0017_0057_0057.jpg 1 24 17 57 57
1451_0049_0051_0032_0032.jpg 1 49 51 32 32
1452_0052_0036_0031_0031.jpg 1 52 36 31 31
1453_0007_0007_0058_0058.jpg 1 7 7 58 58
1454_0018_0037_0048_0048.jpg 1 18 37 48 48
1455_0043_0025_0051_0051.jpg 1 43 25 51 51
1456_0046_0031_0044_0044.jpg 1 46 31 44 44
1457_0061_0038_0026_0026.jpg 1 61 38 26 26
1458_0028_0025_0068_0068.jpg 1 28 25 68 68
1459_0045_0017_0049_0049.jpg 1 45 17 49 49
1460_0018_0034_0047_0047.jpg 1 18 34 47 47
1461_0044_0060_0027_0027.jpg 1 44 60 27 27
1462_0013_0026_0028_0028.jpg 1 13 26 28 28
1463_0036_0034_0050_0050.jpg 1 36 34 50 50
1464_0045_0020_0041_0041.jpg 1 45 20 41 41
1465_0015_0049_0025_0025.jpg 1 15 49 25 25
1466_0018_0040_0047_0047.jpg 1 18 40 47 47
1467_0028_0023_0064_0064.jpg 1 28 23 64 64
1468_0018_0010_0037_0037.jpg 1 18 10 37 37
1469_0007_0053_0037_0037.jpg 1 7 53 37 37
1470_0008_0025_0045_0045.jpg 1 8 25 45 45
1471_0025_0012_0045_0045.jpg 1 25 12 45 45
1472_0016_0024_0030_0030.jpg 1 16 24 30 30
1473_0010_0019_0066_0066.jpg 1 10 19 66 66
1474_0027_0030_0064_0064.jpg 1 27 30 64 64
1475_0038_0018_0051_0051.jpg 1 38 18 51 51
1476_0059_0033_0029_0029.jpg 1 59 33 29 29
1477_0056_0045_0025_0025.jpg 1 56 45 25 25
1478_0053_0028_0029_0029.jpg 1 53 28 29 29
1479_0027_0014_0061_0061.jpg 1 27 14 61 61
1480_0035_0005_0057_0057.jpg 1 35 5 57 57
1481_0018_0024_0063_0063.jpg 1 18 24 63 63
1482_0041_0028_0052_0052.jpg 1 41 28 52 52
1483_0023_0045_0036_0036.jpg 1 23 45 36 36
1484_0020_0027_0028_0028.jpg 1 20 27 28 28
1485_0021_0016_0061_0061.jpg 1 21 16 61 61
1486_0020_0030_0047_0047.jpg 1 20 30 47 47
1487_0035_0008_0060_0060.jpg 1 35 8 60 60
1488_0028_0013_0056_0056.jpg 1 28 13 56 56
1489_0013_0017_0038_0038.jpg 1 13 17 38 38
1490_0013_0017_0067_0067.jpg 1 13 17 67 67
1491_0017_0039_0039_0039.jpg 1 17 39 39 39
1492_0013_0007_0045_0045.jpg 1 13 7 45 45
1493_0007_0046_0047_0047.jpg 1 7 46 47 47
1494_0038_0031_0057_0057.jpg 1 38 31 57 57
1495_0031_0021_0046_0046.jpg 1 31 21 46 46
1496_0015_0027_0069_0069.jpg 1 15 27 69 69
1497_0036_0016_0048_0048.jpg 1 36 16 48 48
1498_0027_0014_0065_0065.jpg 1 27 14 65 65
1499_0035_0062_0030_0030.jpg 1 35 62 30 30
1500_0029_0017_0067_0067.jpg 1 29 17 67 67
1501_0020_0005_0053_0053.jpg 1 20 5 53 53
1502_0030_0022_0065_0065.jpg 1 30 22 65 65
1503_0017_0039_0051_0051.jpg 1 17 39 51 51
1504_0027_0015_0067_0067.jpg 1 27 15 67 67
1505_0012_0032_0054_0054.jpg 1 12 32 54 54
1506_0048_0026_0036_0036.jpg 1 48 26 36 36
1507_0011_0045_0047_0047.jpg 1 11 45 47 47
1508_0005_0021_0048_0048.jpg 1 5 21 48 48
1509_0038_0022_0057_0057.jpg 1 38 22 57 57
1510_0020_0009_0031_0031.jpg 1 20 9 31 31
1511_0019_0039_0055_0055.jpg 1 19 39 55 55
1512_0041_0068_0023_0023.jpg 1 41 68 23 23
1513_0015_0025_0062_0062.jpg 1 15 25 62 62
1514_0014_0011_0040_0040.jpg 1 14 11 40 40
1515_0006_0016_0059_0059.jpg 1 6 16 59 59
1516_0023_0014_0062_0062.jpg 1 23 14 62 62
1517_0009_0047_0046_0046.jpg 1 9 47 46 46
1518_0032_0029_0058_0058.jpg 1 32 29 58 58
1519_0017_0023_0067_0067.jpg 1 17 23 67 67
1520_0012_0010_0052_0052.jpg 1 12 10 52 52
1521_0037_0045_0048_0048.jpg 1 37 45 48 48
1522_0038_0025_0056_0056.jpg 1 38 25 56 56
1523_0024_0026_0048_0048.jpg 1 24 26 48 48
1524_0011_0012_0046_0046.jpg 1 11 12 46 46
1525_0050_0044_0042_0042.jpg 1 50 44 42 42
1526_0017_0014_0042_0042.jpg 1 17 14 42 42
1527_0029_0013_0066_0066.jpg 1 29 13 66 66
1528_0007_0032_0048_0048.jpg 1 7 32 48 48
1529_0008_0060_0023_0023.jpg 1 8 60 23 23
1530_0024_0030_0062_0062.jpg 1 24 30 62 62
1531_0023_0007_0064_0064.jpg 1 23 7 64 64
1532_0028_0013_0059_0059.jpg 1 28 13 59 59
1533_0018_0009_0048_0048.jpg 1 18 9 48 48
1534_0067_0021_0021_0021.jpg 1 67 21 21 21
1535_0043_0035_0023_0023.jpg 1 43 35 23 23
1536_0027_0028_0068_0068.jpg 1 27 28 68 68
1537_0037_0047_0047_0047.jpg 1 37 47 47 47
1538_0027_0045_0048_0048.jpg 1 27 45 48 48
1539_0010_0020_0063_0063.jpg 1 10 20 63 63
1540_0003_0026_0069_0069.jpg 1 3 26 69 69
1541_0027_0010_0060_0060.jpg 1 27 10 60 60
1542_0064_0013_0028_0028.jpg 1 64 13 28 28
1543_0010_0014_0027_0027.jpg 1 10 14 27 27
1544_0022_0029_0045_0045.jpg 1 22 29 45 45
1545_0027_0023_0021_0021.jpg 1 27 23 21 21
1546_0011_0030_0056_0056.jpg 1 11 30 56 56
1547_0015_0039_0036_0036.jpg 1 15 39 36 36
1548_0027_0023_0058_0058.jpg 1 27 23 58 58
1549_0018_0010_0067_0067.jpg 1 18 10 67 67
1550_0011_0014_0067_0067.jpg 1 11 14 67 67
1551_0035_0030_0047_0047.jpg 1 35 30 47 47
1552_0047_0017_0046_0046.jpg 1 47 17 46 46
1553_0025_0034_0020_0020.jpg 1 25 34 20 20
1554_0008_0028_0062_0062.jpg 1 8 28 62 62
1555_0036_0044_0050_0050.jpg 1 36 44 50 50
1556_0025_0038_0053_0053.jpg 1 25 38 53 53
1557_0015_0033_0039_0039.jpg 1 15 33 39 39
1558_0022_0019_0055_0055.jpg 1 22 19 55 55
1559_0008_0038_0043_0043.jpg 1 8 38 43 43
1560_0045_0012_0035_0035.jpg 1 45 12 35 35
1561_0044_0049_0033_0033.jpg 1 44 49 33 33
1562_0028_0040_0047_0047.jpg 1 28 40 47 47
1563_0015_0011_0034_0034.jpg 1 15 11 34 34
1564_0062_0051_0025_0025.jpg 1 62 51 25 25
1565_0016_0021_0062_0062.jpg 1 16 21 62 62
1566_0010_0024_0022_0022.jpg 1 10 24 22 22
1567_0017_0013_0061_0061.jpg 1 17 13 61 61
1568_0022_0014_0054_0054.jpg 1 22 14 54 54
1569_0030_0031_0031_0031.jpg 1 30 31 31 31
1570_0056_0054_0021_0021.jpg 1 56 54 21 21
1571_0014_0033_0045_0045.jpg 1 14 33 45 45
1572_0035_0049_0028_0028.jpg 1 35 49 28 28
1573_0016_0053_0039_0039.jpg 1 16 53 39 39
1574_0039_0045_0032_0032.jpg 1 39 45 32 32
1575_0045_0059_0032_0032.jpg 1 45 59 32 32
1576_0005_0007_0059_0059.jpg 1 5 7 59 59
1577_0041_0031_0022_0022.jpg 1 41 31 22 22
1578_0044_0016_0044_0044.jpg 1 44 16 44 44
1579_0016_0030_0047_0047.jpg 1 16 30 47 47
1580_0019_0032_0055_0055.jpg 1 19 32 55 55
1581_0036_0044_0042_0042.jpg 1 36 44 42 42
1582_0019_0011_0047_0047.jpg 1 19 11 47 47
1583_0040_0042_0044_0044.jpg 1 40 42 44 44
1584_0015_0031_0054_0054.jpg 1 15 31 54 54
1585_0019_0038_0056_0056.jpg 1 19 38 56 56
1586_0022_0038_0036_0036.jpg 1 22 38 36 36
1587_0016_0047_0028_0028.jpg 1 16 47 28 28
1588_0024_0020_0041_0041.jpg 1 24 20 41 41
1589_0047_0030_0039_0039.jpg 1 47 30 39 39
1590_0046_0037_0047_0047.jpg 1 46 37 47 47
1591_0008_0054_0035_0035.jpg 1 8 54 35 35
1592_0010_0040_0040_0040.jpg 1 10 40 40 40
1593_0010_0023_0027_0027.jpg 1 10 23 27 27
1594_0008_0004_0059_0059.jpg 1 8 4 59 59
1595_0013_0028_0068_0068.jpg 1 13 28 68 68
1596_0008_0008_0050_0050.jpg 1 8 8 50 50
1597_0010_0042_0045_0045.jpg 1 10 42 45 45
1598_0059_0054_0031_0031.jpg 1 59 54 31 31
1599_0045_0041_0038_0038.jpg 1 45 41 38 38
1600_0042_0029_0026_0026.jpg 1 42 29 26 26
1601_0012_0017_0050_0050.jpg 1 12 17 50 50
1602_0019_0007_0045_0045.jpg 1 19 7 45 45
1603_0051_0052_0024_0024.jpg 1 51 52 24 24
1604_0028_0054_0035_0035.jpg 1 28 54 35 35
1605_0024_0042_0045_0045.jpg 1 24 42 45 45
1606_0033_0045_0032_0032.jpg 1 33 45 32 32
1607_0015_0016_0028_0028.jpg 1 15 16 28 28
1608_0045_0011_0031_0031.jpg 1 45 11 31 31
1609_0022_0033_0058_0058.jpg 1 22 33 58 58
1610_0037_0006_0050_0050.jpg 1 37 6 50 50
1611_0028_0028_0067_0067.jpg 1 28 28 67 67
1612_0066_0008_0020_0020.jpg 1 66 8 20 20
1613_0011_0019_0068_0068.jpg 1 11 19 68 68
1614_0041_0028_0038_0038.jpg 1 41 28 38 38
1615_0034_0019_0034_0034.jpg 1 34 19 34 34
1616_0060_0054_0031_0031.jpg 1 60 54 31 31
1617_0019_0018_0066_0066.jpg 1 19 18 66 66
1618_0009_0028_0020_0020.jpg 1 9 28 20 20
1619_0007_0020_0046_0046.jpg 1 7 20 46 46
1620_0006_0005_0053_0053.jpg 1 6 5 53 53
1621_0029_0019_0048_0048.jpg 1 29 19 48 48
1622_0028_0032_0048_0048.jpg 1 28 32 48 48
1623_0038_0031_0054_0054.jpg 1 38 31 54 54
1624_0054_0034_0028_0028.jpg 1 54 34 28 28
1625_0033_0017_0030_0030.jpg 1 33 17 30 30
1626_0018_0037_0052_0052.jpg 1 18 37 52 52
1627_0007_0031_0050_0050.jpg 1 7 31 50 50
1628_0023_0025_0057_0057.jpg 1 23 25 57 57
1629_0043_0036_0046_0046.jpg 1 43 36 46 46
1630_0017_0020_0069_0069.jpg 1 17 20 69 69
1631_0062_0052_0026_0026.jpg 1 62 52 26 26
1632_0061_0042_0024_0024.jpg 1 61 42 24 24
1633_0034_0017_0046_0046.jpg 1 34 17 46 46
1634_0016_0031_0031_0031.jpg 1 16 31 31 31
1635_0053_0052_0033_0033.jpg 1 53 52 33 33
1636_0032_0015_0044_0044.jpg 1 32 15 44 44
1637_0005_0010_0051_0051.jpg 1 5 10 51 51
1638_0042_0062_0025_0025.jpg 1 42 62 25 25
1639_0025_0043_0034_0034.jpg 1 25 43 34 34
1640_0018_0056_0036_0036.jpg 1 18 56 36 36
1641_0046_0040_0026_0026.jpg 1 46 40 26 26
1642_0012_0038_0055_0055.jpg 1 12 38 55 55
1643_0026_0049_0032_0032.jpg 1 26 49 32 32
1644_0030_0033_0038_0038.jpg 1 30 33 38 38
1645_0029_0034_0040_0040.jpg 1 29 34 40 40
1646_0013_0024_0024_0024.jpg 1 13 24 24 24
1647_0045_0024_0047_0047.jpg 1 45 24 47 47
1648_0032_0026_0050_0050.jpg 1 32 26 50 50
1649_0028_0049_0024_0024.jpg 1 28 49 24 24
1650_0040_0015_0026_0026.jpg 1 40 15 26 26
1651_0047_0040_0044_0044.jpg 1 47 40 44 44
1652_0020_0035_0035_0035.jpg 1 20 35 35 35
1653_0032_0038_0053_0053.jpg 1 32 38 53 53
1654_0050_0036_0021_0021.jpg 1 50 36 21 21
1655_0032_0014_0039_0039.jpg 1 32 14 39 39
1656_0005_0009_0069_0069.jpg 1 5 9 69 69
1657_0043_0067_0024_0024.jpg 1 43 67 24 24
1658_0031_0007_0055_0055.jpg 1 31 7 55 55
1659_0014_0046_0042_0042.jpg 1 14 46 42 42
1660_0063_0052_0028_0028.jpg 1 63 52 28 28
1661_0028_0010_0040_0040.jpg 1 28 10 40 40
1662_0013_0028_0027_0027.jpg 1 13 28 27 27
1663_0019_0038_0027_0027.jpg 1 19 38 27 27
1664_0019_0035_0060_0060.jpg 1 19 35 60 60
1665_0048_0017_0036_0036.jpg 1 48 17 36 36
1666_0004_0026_0058_0058.jpg 1 4 26 58 58
1667_0035_0028_0030_0030.jpg 1 35 28 30 30
1668_0016_0028_0054_0054.jpg 1 16 28 54 54
1669_0060_0049_0022_0022.jpg 1 60 49 22 22
1670_0021_0019_0067_0067.jpg 1 21 19 67 67
1671_0010_0030_0051_0051.jpg 1 10 30 51 51
1672_0032_0066_0024_0024.jpg 1 32 66 24 24
1673_0029_0056_0029_0029.jpg 1 29 56 29 29
1674_0030_0062_0027_0027.jpg 1 30 62 27 27
1675_0037_0051_0041_0041.jpg 1 37 51 41 41
1676_0019_0037_0046_0046.jpg 1 19 37 46 46
1677_0039_0063_0021_0021.jpg 1 39 63 21 21
1678_0015_0019_0057_0057.jpg 1 15 19 57 57
1679_0019_0034_0059_0059.jpg 1 19 34 59 59
1680_0025_0010_0060_0060.jpg 1 25 10 60 60
1681_0019_0033_0042_0042.jpg 1 19 33 42 42
1682_0058_0048_0033_0033.jpg 1 58 48 33 33
1683_0006_0043_0047_0047.jpg 1 6 43 47 47
1684_0022_0017_0059_0059.jpg 1 22 17 59 59
1685_0031_0038_0040_0040.jpg 1 31 38 40 40
1686_0004_0010_0057_0057.jpg 1 4 10 57 57
1687_0030_0015_0055_0055.jpg 1 30 15 55 55
1688_0015_0006_0054_0054.jpg 1 15 6 54 54
1689_0028_0025_0057_0057.jpg 1 28 25 57 57
1690_0011_0022_0039_0039.jpg 1 11 22 39 39
1691_0036_0031_0056_0056.jpg 1 36 31 56 56
1692_0051_0064_0020_0020.jpg 1 51 64 20 20
1693_0041_0050_0022_0022.jpg 1 41 50 22 22
1694_0022_0005_0066_0066.jpg 1 22 5 66 66
1695_0019_0050_0025_0025.jpg 1 19 50 25 25
1696_0012_0049_0039_0039.jpg 1 12 49 39 39
1697_0010_0037_0053_0053.jpg 1 10 37 53 53
1698_0026_0013_0037_0037.jpg 1 26 13 37 37
1699_0010_0019_0067_0067.jpg 1 10 19 67 67
1700_0034_0049_0026_0026.jpg 1 34 49 26 26
1701_0025_0045_0042_0042.jpg 1 25 45 42 42
1702_0042_0032_0046_0046.jpg 1 42 32 46 46
1703_0027_0022_0068_0068.jpg 1 27 22 68 68
1704_0011_0033_0043_0043.jpg 1 11 33 43 43
1705_0058_0059_0023_0023.jpg 1 58 59 23 23
1706_0027_0050_0037_0037.jpg 1 27 50 37 37
1707_0005_0034_0055_0055.jpg 1 5 34 55 55
1708_0031_0029_0038_0038.jpg 1 31 29 38 38
1709_0026_0029_0049_0049.jpg 1 26 29 49 49
1710_0039_0044_0044_0044.jpg 1 39 44 44 44
1711_0019_0041_0026_0026.jpg 1 19 41 26 26
1712_0069_0017_0023_0023.jpg 1 69 17 23 23
1713_0020_0027_0045_0045.jpg 1 20 27 45 45
1714_0029_0005_0064_0064.jpg 1 29 5 64 64
1715_0014_0009_0051_0051.jpg 1 14 9 51 51
1716_0061_0040_0029_0029.jpg 1 61 40 29 29
1717_0029_0011_0065_0065.jpg 1 29 11 65 65
1718_0047_0028_0044_0044.jpg 1 47 28 44 44
1719_0028_0014_0027_0027.jpg 1 28 14 27 27
1720_0009_0033_0042_0042.jpg 1 9 33 42 42
1721_0043_0060_0029_0029.jpg 1 43 60 29 29
1722_0047_0013_0034_0034.jpg 1 47 13 34 34
1723_0022_0013_0038_0038.jpg 1 22 13 38 38
1724_0022_0025_0068_0068.jpg 1 22 25 68 68
1725_0012_0041_0041_0041.jpg 1 12 41 41 41
1726_0034_0014_0038_0038.jpg 1 34 14 38 38
1727_0051_0035_0040_0040.jpg 1 51 35 40 40
1728_0031_0020_0040_0040.jpg 1 31 20 40 40
1729_0056_0050_0035_0035.jpg 1 56 50 35 35
1730_0029_0023_0043_0043.jpg 1 29 23 43 43
1731_0018_0026_0028_0028.jpg 1 18 26 28 28
1732_0025_0004_0056_0056.jpg 1 25 4 56 56
1733_0036_0038_0032_0032.jpg 1 36 38 32 32
1734_0041_0012_0045_0045.jpg 1 41 12 45 45
1735_0013_0060_0028_0028.jpg 1 13 60 28 28
1736_0055_0020_0037_0037.jpg 1 55 20 37 37
1737_0022_0007_0061_0061.jpg 1 22 7 61 61
1738_0052_0057_0020_0020.jpg 1 52 57 20 20
1739_0024_0021_0054_0054.jpg 1 24 21 54 54
1740_0045_0018_0025_0025.jpg 1 45 18 25 25
1741_0050_0039_0024_0024.jpg 1 50 39 24 24
1742_0024_0021_0053_0053.jpg 1 24 21 53 53
1743_0011_0045_0042_0042.jpg 1 11 45 42 42
1744_0026_0018_0059_0059.jpg 1 26 18 59 59
1745_0035_0040_0050_0050.jpg 1 35 40 50 50
1746_0031_0009_0045_0045.jpg 1 31 9 45 45
1747_0046_0055_0020_0020.jpg 1 46 55 20 20
1748_0036_0007_0042_0042.jpg 1 36 7 42 42
1749_0040_0009_0021_0021.jpg 1 40 9 21 21
1750_0036_0007_0049_0049.jpg 1 36 7 49 49
1751_0037_0027_0044_0044.jpg 1 37 27 44 44
1752_0013_0037_0057_0057.jpg 1 13 37 57 57
1753_0028_0056_0035_0035.jpg 1 28 56 35 35
1754_0025_0019_0062_0062.jpg 1 25 19 62 62
1755_0045_0032_0030_0030.jpg 1 45 32 30 30
1756_0016_0023_0039_0039.jpg 1 16 23 39 39
1757_0035_0019_0025_0025.jpg 1 35 19 25 25
1758_0012_0035_0027_0027.jpg 1 12 35 27 27
1759_0022_0008_0059_0059.jpg 1 22 8 59 59
1760_0022_0013_0061_0061.jpg 1 22 13 61 61
1761_0005_0010_0059_0059.jpg 1 5 10 59 59
1762_0032_0009_0063_0063.jpg 1 32 9 63 63
1763_0031_0006_0054_0054.jpg 1 31 6 54 54
1764_0023_0012_0065_0065.jpg 1 23 12 65 65
1765_0041_0016_0052_0052.jpg 1 41 16 52 52
1766_0030_0028_0050_0050.jpg 1 30 28 50 50
1767_0007_0046_0041_0041.jpg 1 7 46 41 41
1768_0049_0023_0020_0020.jpg 1 49 23 20 20
1769_0010_0027_0053_0053.jpg 1 10 27 53 53
1770_0032_0042_0050_0050.jpg 1 32 42 50 50
1771_0020_0010_0065_0065.jpg 1 20 10 65 65
1772_0025_0037_0040_0040.jpg 1 25 37 40 40
1773_0030_0018_0041_0041.jpg 1 30 18 41 41
1774_0011_0032_0048_0048.jpg 1 11 32 48 48
1775_0024_0042_0035_0035.jpg 1 24 42 35 35
1776_0060_0038_0020_0020.jpg 1 60 38 20 20
1777_0016_0045_0048_0048.jpg 1 16 45 48 48
1778_0058_0040_0030_0030.jpg 1 58 40 30 30
1779_0016_0017_0068_0068.jpg 1 16 17 68 68
1780_0016_0045_0040_0040.jpg 1 16 45 40 40
1781_0027_0008_0048_0048.jpg 1 27 8 48 48
1782_0036_0008_0043_0043.jpg 1 36 8 43 43
1783_0019_0013_0048_0048.jpg 1 19 13 48 48
1784_0022_0018_0057_0057.jpg 1 22 18 57 57
1785_0024_0039_0020_0020.jpg 1 24 39 20 20
1786_0058_0053_0026_0026.jpg 1 58 53 26 26
1787_0067_0015_0020_0020.jpg 1 67 15 20 20
1788_0033_0026_0036_0036.jpg 1 33 26 36 36
1789_0010_0058_0020_0020.jpg 1 10 58 20 20
1790_0039_0042_0048_0048.jpg 1 39 42 48 48
1791_0039_0046_0044_0044.jpg 1 39 46 44 44
1792_0016_0014_0066_0066.jpg 1 16 14 66 66
1793_0012_0009_0062_0062.jpg 1 12 9 62 62
1794_0021_0022_0043_0043.jpg 1 21 22 43 43
1795_0029_0012_0064_0064.jpg 1 29 12 64 64
1796_0009_0019_0062_0062.jpg 1 9 19 62 62
1797_0054_0011_0036_0036.jpg 1 54 11 36 36
1798_0034_0016_0047_0047.jpg 1 34 16 47 47
1799_0011_0019_0057_0057.jpg 1 11 19 57 57
1800_0011_0011_0060_0060.jpg 1 11 11 60 60
1801_0024_0034_0025_0025.jpg 1 24 34 25 25
1802_0020_0026_0057_0057.jpg 1 20 26 57 57
1803_0028_0021_0035_0035.jpg 1 28 21 35 35
1804_0021_0027_0020_0020.jpg 1 21 27 20 20
1805_0054_0053_0028_0028.jpg 1 54 53 28 28
1806_0038_0045_0032_0032.jpg 1 38 45 32 32
1807_0062_0031_0029_0029.jpg 1 62 31 29 29
1808_0018_0062_0027_0027.jpg 1 18 62 27 27
1809_0028_0012_0065_0065.jpg 1 28 12 65 65
1810_0024_0030_0060_0060.jpg 1 24 30 60 60
1811_0003_0026_0068_0068.jpg 1 3 26 68 68
1812_0025_0044_0049_0049.jpg 1 25 44 49 49
1813_0012_0027_0069_0069.jpg 1 12 27 69 69
1814_0006_0047_0043_0043.jpg 1 6 47 43 43
1815_0026_0014_0031_0031.jpg 1 26 14 31 31
1816_0030_0010_0064_0064.jpg 1 30 10 64 64
1817_0020_0020_0065_0065.jpg 1 20 20 65 65
1818_0028_0021_0029_0029.jpg 1 28 21 29 29
1819_0018_0052_0026_0026.jpg 1 18 52 26 26
1820_0021_0027_0060_0060.jpg 1 21 27 60 60
1821_0010_0015_0068_0068.jpg 1 10 15 68 68
1822_0031_0011_0042_0042.jpg 1 31 11 42 42
1823_0026_0067_0021_0021.jpg 1 26 67 21 21
1824_0026_0016_0066_0066.jpg 1 26 16 66 66
1825_0030_0038_0034_0034.jpg 1 30 38 34 34
1826_0032_0012_0056_0056.jpg 1 32 12 56 56
1827_0028_0024_0030_0030.jpg 1 28 24 30 30
1828_0012_0017_0035_0035.jpg 1 12 17 35 35
1829_0007_0008_0064_0064.jpg 1 7 8 64 64
1830_0013_0056_0026_0026.jpg 1 13 56 26 26
1831_0034_0016_0039_0039.jpg 1 34 16 39 39
1832_0043_0024_0044_0044.jpg 1 43 24 44 44
1833_0034_0009_0051_0051.jpg 1 34 9 51 51
1834_0011_0006_0044_0044.jpg 1 11 6 44 44
1835_0010_0036_0053_0053.jpg 1 10 36 53 53
1836_0038_0042_0038_0038.jpg 1 38 42 38 38
1837_0034_0024_0048_0048.jpg 1 34 24 48 48
1838_0025_0022_0059_0059.jpg 1 25 22 59 59
1839_0034_0027_0050_0050.jpg 1 34 27 50 50
1840_0041_0025_0039_0039.jpg 1 41 25 39 39
1841_0009_0013_0069_0069.jpg 1 9 13 69 69
1842_0036_0023_0045_0045.jpg 1 36 23 45 45
1843_0029_0011_0058_0058.jpg 1 29 11 58 58
1844_0035_0042_0031_0031.jpg 1 35 42 31 31
1845_0045_0018_0045_0045.jpg 1 45 18 45 45
1846_0038_0007_0054_0054.jpg 1 38 7 54 54
1847_0051_0060_0028_0028.jpg 1 51 60 28 28
1848_0022_0018_0048_0048.jpg 1 22 18 48 48
1849_0027_0017_0034_0034.jpg 1 27 17 34 34
1850_0040_0066_0023_0023.jpg 1 40 66 23 23
1851_0044_0014_0033_0033.jpg 1 44 14 33 33
1852_0024_0035_0056_0056.jpg 1 24 35 56 56
1853_0016_0006_0064_0064.jpg 1 16 6 64 64
1854_0009_0008_0056_0056.jpg 1 9 8 56 56
1855_0009_0043_0037_0037.jpg 1 9 43 37 37
1856_0049_0014_0037_0037.jpg 1 49 14 37 37
1857_0019_0030_0058_0058.jpg 1 19 30 58 58
1858_0014_0043_0039_0039.jpg 1 14 43 39 39
1859_0030_0062_0028_0028.jpg 1 30 62 28 28
1860_0035_0062_0023_0023.jpg 1 35 62 23 23
1861_0034_0018_0049_0049.jpg 1 34 18 49 49
1862_0049_0026_0031_0031.jpg 1 49 26 31 31
1863_0062_0021_0026_0026.jpg 1 62 21 26 26
1864_0026_0018_0037_0037.jpg 1 26 18 37 37
1865_0039_0020_0049_0049.jpg 1 39 20 49 49
1866_0012_0010_0050_0050.jpg 1 12 10 50 50
1867_0026_0050_0021_0021.jpg 1 26 50 21 21
1868_0029_0016_0045_0045.jpg 1 29 16 45 45
1869_0015_0035_0049_0049.jpg 1 15 35 49 49
1870_0031_0032_0058_0058.jpg 1 31 32 58 58
1871_0006_0010_0059_0059.jpg 1 6 10 59 59
1872_0008_0030_0063_0063.jpg 1 8 30 63 63
1873_0011_0011_0053_0053.jpg 1 11 11 53 53
1874_0020_0009_0055_0055.jpg 1 20 9 55 55
1875_0048_0045_0036_0036.jpg 1 48 45 36 36
1876_0033_0033_0047_0047.jpg 1 33 33 47 47
1877_0036_0035_0028_0028.jpg 1 36 35 28 28
1878_0011_0027_0058_0058.jpg 1 11 27 58 58
1879_0029_0032_0051_0051.jpg 1 29 32 51 51
1880_0014_0020_0043_0043.jpg 1 14 20 43 43
1881_0014_0004_0054_0054.jpg 1 14 4 54 54
1882_0027_0021_0061_0061.jpg 1 27 21 61 61
1883_0056_0035_0032_0032.jpg 1 56 35 32 32
1884_0062_0012_0030_0030.jpg 1 62 12 30 30
1885_0023_0049_0027_0027.jpg 1 23 49 27 27
1886_0019_0017_0058_0058.jpg 1 19 17 58 58
1887_0015_0027_0069_0069.jpg 1 15 27 69 69
1888_0012_0013_0055_0055.jpg 1 12 13 55 55
1889_0030_0019_0066_0066.jpg 1 30 19 66 66
1890_0069_0048_0020_0020.jpg 1 69 48 20 20
1891_0037_0029_0026_0026.jpg 1 37 29 26 26
1892_0021_0034_0050_0050.jpg 1 21 34 50 50
1893_0012_0006_0042_0042.jpg 1 12 6 42 42
1894_0027_0011_0059_0059.jpg 1 27 11 59 59
1895_0008_0039_0051_0051.jpg 1 8 39 51 51
1896_0048_0027_0041_0041.jpg 1 48 27 41 41
1897_0030_0035_0053_0053.jpg 1 30 35 53 53
1898_0045_0045_0045_0045.jpg 1 45 45 45 45
1899_0026_0015_0054_0054.jpg 1 26 15 54 54
1900_0005_0026_0056_0056.jpg 1 5 26 56 56
1901_0018_0008_0065_0065.jpg 1 18 8 65 65
1902_0025_0039_0033_0033.jpg 1 25 39 33 33
1903_0008_0009_0044_0044.jpg 1 8 9 44 44
1904_0011_0047_0020_0020.jpg 1 11 47 20 20
1905_0009_0014_0069_0069.jpg 1 9 14 69 69
1906_0040_0053_0030_0030.jpg 1 40 53 30 30
1907_0007_0023_0032_0032.jpg 1 7 23 32 32
1908_0016_0036_0051_0051.jpg 1 16 36 51 51
1909_0009_0024_0053_0053.jpg 1 9 24 53 53
1910_0013_0023_0054_0054.jpg 1 13 23 54 54
1911_0021_0015_0058_0058.jpg 1 21 15 58 58
1912_0004_0030_0066_0066.jpg 1 4 30 66 66
1913_0027_0019_0066_0066.jpg 1 27 19 66 66
1914_0029_0022_0034_0034.jpg 1 29 22 34 34
1915_0008_0016_0053_0053.jpg 1 8 16 53 53
1916_0017_0034_0054_0054.jpg 1 17 34 54 54
1917_0055_0013_0025_0025.jpg 1 55 13 25 25
1918_0016_0014_0059_0059.jpg 1 16 14 59 59
1919_0039_0036_0052_0052.jpg 1 39 36 52 52
1920_0006_0008_0057_0057.jpg 1 6 8 57 57
1921_0022_0033_0059_0059.jpg 1 22 33 59 59
1922_0023_0018_0029_0029.jpg 1 23 18 29 29
1923_0032_0033_0049_0049.jpg 1 32 33 49 49
1924_0022_0014_0062_0062.jpg 1 22 14 62 62
1925_0019_0052_0033_0033.jpg 1 19 52 33 33
1926_0032_0058_0033_0033.jpg 1 32 58 33 33
1927_0023_0021_0053_0053.jpg 1 23 21 53 53
1928_0026_0016_0069_0069.jpg 1 26 16 69 69
1929_0015_0011_0051_0051.jpg 1 15 11 51 51
1930_0021_0038_0021_0021.jpg 1 21 38 21 21
1931_0013_0020_0047_0047.jpg 1 13 20 47 47
1932_0056_0055_0028_0028.jpg 1 56 55 28 28
1933_0021_0009_0021_0021.jpg 1 21 9 21 21
1934_0011_0026_0057_0057.jpg 1 11 26 57 57
1935_0048_0014_0042_0042.jpg 1 48 14 42 42
1936_0043_0044_0034_0034.jpg 1 43 44 34 34
1937_0015_0032_0064_0064.jpg 1 15 32 64 64
1938_0024_0023_0037_0037.jpg 1 24 23 37 37
1939_0027_0028_0026_0026.jpg 1 27 28 26 26
1940_0042_0024_0027_0027.jpg 1 42 24 27 27
1941_0021_0035_0026_0026.jpg 1 21 35 26 26
1942_0029_0034_0059_0059.jpg 1 29 34 59 59
1943_0028_0032_0058_0058.jpg 1 28 32 58 58
1944_0044_0051_0028_0028.jpg 1 44 51 28 28
1945_0044_0060_0032_0032.jpg 1 44 60 32 32
1946_0015_0016_0025_0025.jpg 1 15 16 25 25
1947_0022_0008_0057_0057.jpg 1 22 8 57 57
1948_0027_0028_0039_0039.jpg 1 27 28 39 39
1949_0016_0034_0059_0059.jpg 1 16 34 59 59
1950_0031_0034_0048_0048.jpg 1 31 34 48 48
1951_0013_0036_0051_0051.jpg 1 13 36 51 51
1952_0006_0033_0058_0058.jpg 1 6 33 58 58
1953_0025_0003_0065_0065.jpg 1 25 3 65 65
1954_0045_0038_0038_0038.jpg 1 45 38 38 38
1955_0018_0039_0035_0035.jpg 1 18 39 35 35
1956_0012_0037_0045_0045.jpg 1 12 37 45 45
1957_0037_0021_0050_0050.jpg 1 37 21 50 50
1958_0024_0019_0036_0036.jpg 1 24 19 36 36
1959_0017_0045_0020_0020.jpg 1 17 45 20 20
1960_0024_0006_0059_0059.jpg 1 24 6 59 59
1961_0008_0036_0058_0058.jpg 1 8 36 58 58
1962_0012_0018_0063_0063.jpg 1 12 18 63 63
1963_0044_0017_0036_0036.jpg 1 44 17 36 36
1964_0019_0057_0034_0034.jpg 1 19 57 34 34
1965_0022_0007_0049_0049.jpg 1 22 7 49 49
1966_0006_0013_0051_0051.jpg 1 6 13 51 51
1967_0027_0018_0050_0050.jpg 1 27 18 50 50
1968_0021_0010_0069_0069.jpg 1 21 10 69 69
1969_0018_0028_0065_0065.jpg 1 18 28 65 65
