0001_0017_0012_0062_0062.jpg 1 17 12 62 62
0002_0023_0013_0058_0058.jpg 1 23 13 58 58
0003_0006_0025_0066_0066.jpg 1 6 25 66 66
0004_0044_0009_0030_0030.jpg 1 44 9 30 30
0005_0045_0045_0040_0040.jpg 1 45 45 40 40
0006_0036_0036_0040_0040.jpg 1 36 36 40 40
0007_0017_0059_0034_0034.jpg 1 17 59 34 34
0008_0018_0006_0062_0062.jpg 1 18 6 62 62
0009_0025_0025_0064_0064.jpg 1 25 25 64 64
0010_0032_0028_0021_0021.jpg 1 32 28 21 21
0011_0044_0048_0036_0036.jpg 1 44 48 36 36
0012_0023_0039_0045_0045.jpg 1 23 39 45 45
0013_0016_0058_0033_0033.jpg 1 16 58 33 33
0014_0021_0037_0050_0050.jpg 1 21 37 50 50
0015_0045_0048_0033_0033.jpg 1 45 48 33 33
0016_0045_0053_0038_0038.jpg 1 45 53 38 38
0017_0039_0010_0053_0053.jpg 1 39 10 53 53
0018_0018_0020_0063_0063.jpg 1 18 20 63 63
0019_0021_0044_0036_0036.jpg 1 21 44 36 36
0020_0023_0025_0065_0065.jpg 1 23 25 65 65
0021_0007_0019_0058_0058.jpg 1 7 19 58 58
0022_0034_0035_0058_0058.jpg 1 34 35 58 58
0023_0037_0013_0058_0058.jpg 1 37 13 58 58
0024_0040_0023_0053_0053.jpg 1 40 23 53 53
0025_0016_0038_0048_0048.jpg 1 16 38 48 48
0026_0016_0008_0068_0068.jpg 1 16 8 68 68
0027_0026_0007_0064_0064.jpg 1 26 7 64 64
0028_0014_0049_0024_0024.jpg 1 14 49 24 24
0029_0016_0022_0068_0068.jpg 1 16 22 68 68
0030_0016_0022_0042_0042.jpg 1 16 22 42 42
0031_0055_0019_0035_0035.jpg 1 55 19 35 35
0032_0032_0029_0054_0054.jpg 1 32 29 54 54
0033_0020_0031_0028_0028.jpg 1 20 31 28 28
0034_0005_0008_0043_0043.jpg 1 5 8 43 43
0035_0013_0057_0027_0027.jpg 1 13 57 27 27
0036_0028_0016_0050_0050.jpg 1 28 16 50 50
0037_0011_0031_0061_0061.jpg 1 11 31 61 61
0038_0024_0032_0023_0023.jpg 1 24 32 23 23
0039_0068_0039_0023_0023.jpg 1 68 39 23 23
0040_0009_0026_0060_0060.jpg 1 9 26 60 60
0041_0017_0024_0059_0059.jpg 1 17 24 59 59
0042_0043_0025_0041_0041.jpg 1 43 25 41 41
0043_0017_0025_0069_0069.jpg 1 17 25 69 69
0044_0027_0009_0030_0030.jpg 1 27 9 30 30
0045_0026_0045_0047_0047.jpg 1 26 45 47 47
0046_0033_0009_0048_0048.jpg 1 33 9 48 48
0047_0034_0036_0054_0054.jpg 1 34 36 54 54
0048_0034_0037_0054_0054.jpg 1 34 37 54 54
0049_0053_0055_0036_0036.jpg 1 53 55 36 36
0050_0015_0008_0052_0052.jpg 1 15 8 52 52
0051_0028_0043_0046_0046.jpg 1 28 43 46 46
0052_0038_0016_0053_0053.jpg 1 38 16 53 53
0053_0020_0030_0039_0039.jpg 1 20 30 39 39
0054_0069_0055_0022_0022.jpg 1 69 55 22 22
0055_0012_0024_0065_0065.jpg 1 12 24 65 65
0056_0039_0017_0035_0035.jpg 1 39 17 35 35
0057_0009_0008_0064_0064.jpg 1 9 8 64 64
0058_0029_0030_0050_0050.jpg 1 29 30 50 50
0059_0030_0021_0045_0045.jpg 1 30 21 45 45
0060_0042_0016_0045_0045.jpg 1 42 16 45 45
0061_0024_0020_0052_0052.jpg 1 24 20 52 52
0062_0033_0039_0025_0025.jpg 1 33 39 25 25
0063_0021_0042_0043_0043.jpg 1 21 42 43 43
0064_0044_0026_0020_0020.jpg 1 44 26 20 20
0065_0058_0021_0024_0024.jpg 1 58 21 24 24
0066_0068_0045_0020_0020.jpg 1 68 45 20 20
0067_0025_0021_0041_0041.jpg 1 25 21 41 41
0068_0041_0018_0053_0053.jpg 1 41 18 53 53
0069_0018_0008_0044_0044.jpg 1 18 8 44 44
0070_0028_0025_0067_0067.jpg 1 28 25 67 67
0071_0024_0026_0064_0064.jpg 1 24 26 64 64
0072_0055_0047_0035_0035.jpg 1 55 47 35 35
0073_0050_0037_0042_0042.jpg 1 50 37 42 42
0074_0016_0035_0041_0041.jpg 1 16 35 41 41
0075_0037_0014_0048_0048.jpg 1 37 14 48 48
0076_0018_0005_0063_0063.jpg 1 18 5 63 63
0077_0010_0009_0021_0021.jpg 1 10 9 21 21
0078_0054_0032_0034_0034.jpg 1 54 32 34 34
0079_0020_0047_0037_0037.jpg 1 20 47 37 37
0080_0026_0008_0049_0049.jpg 1 26 8 49 49
0081_0007_0016_0032_0032.jpg 1 7 16 32 32
0082_0012_0024_0058_0058.jpg 1 12 24 58 58
0083_0058_0039_0033_0033.jpg 1 58 39 33 33
0084_0023_0055_0024_0024.jpg 1 23 55 24 24
0085_0070_0033_0021_0021.jpg 1 70 33 21 21
0086_0013_0035_0042_0042.jpg 1 13 35 42 42
0087_0019_0016_0020_0020.jpg 1 19 16 20 20
0088_0035_0046_0044_0044.jpg 1 35 46 44 44
0089_0009_0017_0066_0066.jpg 1 9 17 66 66
0090_0031_0063_0025_0025.jpg 1 31 63 25 25
0091_0016_0012_0046_0046.jpg 1 16 12 46 46
0092_0027_0035_0052_0052.jpg 1 27 35 52 52
0093_0049_0034_0036_0036.jpg 1 49 34 36 36
0094_0024_0015_0053_0053.jpg 1 24 15 53 53
0095_0014_0012_0062_0062.jpg 1 14 12 62 62
0096_0012_0003_0064_0064.jpg 1 12 3 64 64
0097_0019_0039_0041_0041.jpg 1 19 39 41 41
0098_0018_0009_0031_0031.jpg 1 18 9 31 31
0099_0033_0031_0048_0048.jpg 1 33 31 48 48
0100_0013_0031_0064_0064.jpg 1 13 31 64 64
0101_0041_0036_0047_0047.jpg 1 41 36 47 47
0102_0025_0027_0068_0068.jpg 1 25 27 68 68
0103_0011_0029_0064_0064.jpg 1 11 29 64 64
0104_0033_0061_0022_0022.jpg 1 33 61 22 22
0105_0026_0030_0025_0025.jpg 1 26 30 25 25
0106_0019_0019_0066_0066.jpg 1 19 19 66 66
0107_0006_0023_0062_0062.jpg 1 6 23 62 62
0108_0006_0026_0041_0041.jpg 1 6 26 41 41
0109_0028_0031_0058_0058.jpg 1 28 31 58 58
0110_0048_0048_0040_0040.jpg 1 48 48 40 40
0111_0036_0039_0051_0051.jpg 1 36 39 51 51
0112_0003_0014_0065_0065.jpg 1 3 14 65 65
0113_0007_0031_0063_0063.jpg 1 7 31 63 63
0114_0017_0016_0060_0060.jpg 1 17 16 60 60
0115_0019_0020_0066_0066.jpg 1 19 20 66 66
0116_0041_0016_0028_0028.jpg 1 41 16 28 28
0117_0034_0015_0050_0050.jpg 1 34 15 50 50
0118_0016_0035_0039_0039.jpg 1 16 35 39 39
0119_0023_0025_0069_0069.jpg 1 23 25 69 69
0120_0021_0042_0030_0030.jpg 1 21 42 30 30
0121_0027_0017_0055_0055.jpg 1 27 17 55 55
0122_0014_0012_0069_0069.jpg 1 14 12 69 69
0123_0040_0030_0052_0052.jpg 1 40 30 52 52
0124_0008_0039_0038_0038.jpg 1 8 39 38 38
0125_0027_0028_0058_0058.jpg 1 27 28 58 58
0126_0004_0025_0059_0059.jpg 1 4 25 59 59
0127_0010_0004_0062_0062.jpg 1 10 4 62 62
0128_0035_0035_0047_0047.jpg 1 35 35 47 47
0129_0008_0029_0066_0066.jpg 1 8 29 66 66
0130_0026_0030_0055_0055.jpg 1 26 30 55 55
0131_0019_0041_0029_0029.jpg 1 19 41 29 29
0132_0039_0037_0055_0055.jpg 1 39 37 55 55
0133_0051_0056_0024_0024.jpg 1 51 56 24 24
0134_0009_0034_0058_0058.jpg 1 9 34 58 58
0135_0030_0033_0024_0024.jpg 1 30 33 24 24
0136_0020_0057_0024_0024.jpg 1 20 57 24 24
0137_0049_0056_0033_0033.jpg 1 49 56 33 33
0138_0042_0038_0050_0050.jpg 1 42 38 50 50
0139_0034_0020_0057_0057.jpg 1 34 20 57 57
0140_0028_0029_0052_0052.jpg 1 28 29 52 52
0141_0057_0030_0033_0033.jpg 1 57 30 33 33
0142_0036_0028_0041_0041.jpg 1 36 28 41 41
0143_0018_0029_0028_0028.jpg 1 18 29 28 28
0144_0066_0028_0025_0025.jpg 1 66 28 25 25
0145_0016_0036_0045_0045.jpg 1 16 36 45 45
0146_0015_0020_0067_0067.jpg 1 15 20 67 67
0147_0029_0036_0047_0047.jpg 1 29 36 47 47
0148_0040_0024_0043_0043.jpg 1 40 24 43 43
0149_0004_0003_0068_0068.jpg 1 4 3 68 68
0150_0025_0036_0042_0042.jpg 1 25 36 42 42
0151_0033_0033_0030_0030.jpg 1 33 33 30 30
0152_0014_0019_0057_0057.jpg 1 14 19 57 57
0153_0035_0013_0033_0033.jpg 1 35 13 33 33
0154_0042_0045_0033_0033.jpg 1 42 45 33 33
0155_0033_0035_0050_0050.jpg 1 33 35 50 50
0156_0005_0032_0045_0045.jpg 1 5 32 45 45
0157_0023_0016_0028_0028.jpg 1 23 16 28 28
0158_0046_0045_0036_0036.jpg 1 46 45 36 36
0159_0014_0051_0028_0028.jpg 1 14 51 28 28
0160_0040_0039_0048_0048.jpg 1 40 39 48 48
0161_0031_0042_0052_0052.jpg 1 31 42 52 52
0162_0038_0027_0038_0038.jpg 1 38 27 38 38
0163_0042_0027_0049_0049.jpg 1 42 27 49 49
0164_0030_0008_0058_0058.jpg 1 30 8 58 58
0165_0032_0020_0045_0045.jpg 1 32 20 45 45
0166_0009_0004_0065_0065.jpg 1 9 4 65 65
0167_0014_0005_0068_0068.jpg 1 14 5 68 68
0168_0014_0013_0049_0049.jpg 1 14 13 49 49
0169_0022_0035_0053_0053.jpg 1 22 35 53 53
0170_0028_0021_0066_0066.jpg 1 28 21 66 66
0171_0026_0063_0029_0029.jpg 1 26 63 29 29
0172_0025_0031_0063_0063.jpg 1 25 31 63 63
0173_0041_0040_0041_0041.jpg 1 41 40 41 41
0174_0008_0027_0053_0053.jpg 1 8 27 53 53
0175_0033_0015_0029_0029.jpg 1 33 15 29 29
0176_0009_0025_0030_0030.jpg 1 9 25 30 30
0177_0055_0055_0025_0025.jpg 1 55 55 25 25
0178_0015_0024_0063_0063.jpg 1 15 24 63 63
0179_0009_0024_0053_0053.jpg 1 9 24 53 53
0180_0023_0006_0059_0059.jpg 1 23 6 59 59
0181_0025_0031_0040_0040.jpg 1 25 31 40 40
0182_0028_0009_0045_0045.jpg 1 28 9 45 45
0183_0017_0005_0054_0054.jpg 1 17 5 54 54
0184_0043_0035_0020_0020.jpg 1 43 35 20 20
0185_0006_0031_0065_0065.jpg 1 6 31 65 65
0186_0009_0013_0054_0054.jpg 1 9 13 54 54
0187_0026_0029_0066_0066.jpg 1 26 29 66 66
0188_0043_0024_0046_0046.jpg 1 43 24 46 46
0189_0066_0043_0022_0022.jpg 1 66 43 22 22
0190_0030_0084_0052_0052.jpg 1 30 84 52 52
0191_0024_0037_0041_0041.jpg 1 24 37 41 41
0192_0056_0049_0035_0035.jpg 1 56 49 35 35
0193_0004_0020_0056_0056.jpg 1 4 20 56 56
0194_0019_0030_0044_0044.jpg 1 19 30 44 44
0195_0024_0045_0038_0038.jpg 1 24 45 38 38
0196_0013_0009_0049_0049.jpg 1 13 9 49 49
0197_0005_0020_0068_0068.jpg 1 5 20 68 68
0198_0045_0024_0047_0047.jpg 1 45 24 47 47
0199_0056_0058_0031_0031.jpg 1 56 58 31 31
0200_0051_0052_0025_0025.jpg 1 51 52 25 25
0201_0010_0024_0023_0023.jpg 1 10 24 23 23
0202_0038_0038_0042_0042.jpg 1 38 38 42 42
0203_0014_0043_0036_0036.jpg 1 14 43 36 36
0204_0029_0052_0039_0039.jpg 1 29 52 39 39
0205_0009_0048_0040_0040.jpg 1 9 48 40 40
0206_0045_0018_0031_0031.jpg 1 45 18 31 31
0207_0057_0027_0036_0036.jpg 1 57 27 36 36
0208_0011_0019_0069_0069.jpg 1 11 19 69 69
0209_0031_0012_0033_0033.jpg 1 31 12 33 33
0210_0029_0007_0066_0066.jpg 1 29 7 66 66
0211_0013_0018_0068_0068.jpg 1 13 18 68 68
0212_0051_0007_0035_0035.jpg 1 51 7 35 35
0213_0027_0027_0034_0034.jpg 1 27 27 34 34
0214_0010_0026_0069_0069.jpg 1 10 26 69 69
0215_0019_0024_0033_0033.jpg 1 19 24 33 33
0216_0017_0062_0023_0023.jpg 1 17 62 23 23
0217_0039_0054_0034_0034.jpg 1 39 54 34 34
0218_0039_0035_0026_0026.jpg 1 39 35 26 26
0219_0041_0048_0046_0046.jpg 1 41 48 46 46
0220_0016_0039_0051_0051.jpg 1 16 39 51 51
0221_0052_0009_0031_0031.jpg 1 52 9 31 31
0222_0019_0015_0041_0041.jpg 1 19 15 41 41
0223_0012_0040_0052_0052.jpg 1 12 40 52 52
0224_0044_0019_0046_0046.jpg 1 44 19 46 46
0225_0012_0016_0067_0067.jpg 1 12 16 67 67
0226_0014_0022_0036_0036.jpg 1 14 22 36 36
0227_0021_0011_0062_0062.jpg 1 21 11 62 62
0228_0010_0028_0052_0052.jpg 1 10 28 52 52
0229_0039_0019_0022_0022.jpg 1 39 19 22 22
0230_0029_0040_0052_0052.jpg 1 29 40 52 52
0231_0016_0015_0036_0036.jpg 1 16 15 36 36
0232_0043_0021_0022_0022.jpg 1 43 21 22 22
0233_0016_0044_0031_0031.jpg 1 16 44 31 31
0234_0018_0022_0058_0058.jpg 1 18 22 58 58
0235_0045_0022_0034_0034.jpg 1 45 22 34 34
0236_0007_0050_0037_0037.jpg 1 7 50 37 37
0237_0027_0008_0021_0021.jpg 1 27 8 21 21
0238_0052_0040_0040_0040.jpg 1 52 40 40 40
0239_0054_0023_0037_0037.jpg 1 54 23 37 37
0240_0030_0042_0041_0041.jpg 1 30 42 41 41
0241_0012_0027_0048_0048.jpg 1 12 27 48 48
0242_0048_0014_0040_0040.jpg 1 48 14 40 40
0243_0020_0011_0056_0056.jpg 1 20 11 56 56
0244_0011_0024_0020_0020.jpg 1 11 24 20 20
0245_0040_0025_0053_0053.jpg 1 40 25 53 53
0246_0043_0048_0039_0039.jpg 1 43 48 39 39
0247_0025_0009_0042_0042.jpg 1 25 9 42 42
0248_0008_0037_0031_0031.jpg 1 8 37 31 31
0249_0030_0017_0056_0056.jpg 1 30 17 56 56
0250_0007_0023_0068_0068.jpg 1 7 23 68 68
0251_0010_0038_0047_0047.jpg 1 10 38 47 47
0252_0020_0005_0062_0062.jpg 1 20 5 62 62
0253_0028_0011_0058_0058.jpg 1 28 11 58 58
0254_0023_0042_0052_0052.jpg 1 23 42 52 52
0255_0021_0016_0067_0067.jpg 1 21 16 67 67
0256_0019_0013_0069_0069.jpg 1 19 13 69 69
0257_0016_0026_0038_0038.jpg 1 16 26 38 38
0258_0029_0040_0039_0039.jpg 1 29 40 39 39
0259_0041_0021_0036_0036.jpg 1 41 21 36 36
0260_0028_0009_0020_0020.jpg 1 28 9 20 20
0261_0038_0043_0032_0032.jpg 1 38 43 32 32
0262_0054_0055_0024_0024.jpg 1 54 55 24 24
0263_0023_0032_0028_0028.jpg 1 23 32 28 28
0264_0041_0017_0046_0046.jpg 1 41 17 46 46
0265_0019_0064_0023_0023.jpg 1 19 64 23 23
0266_0024_0017_0065_0065.jpg 1 24 17 65 65
0267_0014_0037_0042_0042.jpg 1 14 37 42 42
0268_0017_0019_0064_0064.jpg 1 17 19 64 64
0269_0026_0006_0056_0056.jpg 1 26 6 56 56
0270_0015_0024_0058_0058.jpg 1 15 24 58 58
0271_0020_0010_0046_0046.jpg 1 20 10 46 46
0272_0021_0019_0055_0055.jpg 1 21 19 55 55
0273_0018_0011_0038_0038.jpg 1 18 11 38 38
0274_0009_0013_0055_0055.jpg 1 9 13 55 55
0275_0065_0032_0022_0022.jpg 1 65 32 22 22
0276_0013_0019_0042_0042.jpg 1 13 19 42 42
0277_0017_0013_0056_0056.jpg 1 17 13 56 56
0278_0023_0028_0068_0068.jpg 1 23 28 68 68
0279_0020_0015_0046_0046.jpg 1 20 15 46 46
0280_0016_0010_0039_0039.jpg 1 16 10 39 39
0281_0049_0054_0026_0026.jpg 1 49 54 26 26
0282_0033_0014_0054_0054.jpg 1 33 14 54 54
0283_0043_0011_0021_0021.jpg 1 43 11 21 21
0284_0114_0039_0040_0040.jpg 1 114 39 40 40
0285_0040_0035_0052_0052.jpg 1 40 35 52 52
0286_0006_0025_0068_0068.jpg 1 6 25 68 68
0287_0032_0018_0056_0056.jpg 1 32 18 56 56
0288_0018_0013_0058_0058.jpg 1 18 13 58 58
0289_0038_0013_0039_0039.jpg 1 38 13 39 39
0290_0055_0039_0035_0035.jpg 1 55 39 35 35
0291_0026_0057_0031_0031.jpg 1 26 57 31 31
0292_0020_0020_0064_0064.jpg 1 20 20 64 64
0293_0016_0007_0050_0050.jpg 1 16 7 50 50
0294_0048_0010_0045_0045.jpg 1 48 10 45 45
0295_0055_0012_0027_0027.jpg 1 55 12 27 27
0296_0038_0042_0046_0046.jpg 1 38 42 46 46
0297_0027_0061_0021_0021.jpg 1 27 61 21 21
0298_0016_0018_0052_0052.jpg 1 16 18 52 52
0299_0052_0024_0041_0041.jpg 1 52 24 41 41
0300_0041_0020_0039_0039.jpg 1 41 20 39 39
0301_0037_0043_0032_0032.jpg 1 37 43 32 32
0302_0006_0026_0058_0058.jpg 1 6 26 58 58
0303_0024_0021_0053_0053.jpg 1 24 21 53 53
0304_0005_0020_0057_0057.jpg 1 5 20 57 57
0305_0007_0010_0039_0039.jpg 1 7 10 39 39
0306_0035_0039_0029_0029.jpg 1 35 39 29 29
0307_0008_0012_0063_0063.jpg 1 8 12 63 63
0308_0015_0004_0069_0069.jpg 1 15 4 69 69
0309_0026_0014_0061_0061.jpg 1 26 14 61 61
0310_0008_0009_0061_0061.jpg 1 8 9 61 61
0311_0011_0019_0065_0065.jpg 1 11 19 65 65
0312_0024_0027_0041_0041.jpg 1 24 27 41 41
0313_0019_0036_0055_0055.jpg 1 19 36 55 55
0314_0037_0042_0037_0037.jpg 1 37 42 37 37
0315_0014_0011_0063_0063.jpg 1 14 11 63 63
0316_0038_0031_0028_0028.jpg 1 38 31 28 28
0317_0041_0044_0049_0049.jpg 1 41 44 49 49
0318_0029_0054_0026_0026.jpg 1 29 54 26 26
0319_0024_0005_0054_0054.jpg 1 24 5 54 54
0320_0033_0065_0020_0020.jpg 1 33 65 20 20
0321_0028_0014_0034_0034.jpg 1 28 14 34 34
0322_0004_0018_0069_0069.jpg 1 4 18 69 69
0323_0010_0025_0056_0056.jpg 1 10 25 56 56
0324_0020_0009_0021_0021.jpg 1 20 9 21 21
0325_0025_0017_0038_0038.jpg 1 25 17 38 38
0326_0023_0026_0049_0049.jpg 1 23 26 49 49
0327_0033_0059_0032_0032.jpg 1 33 59 32 32
0328_0013_0018_0051_0051.jpg 1 13 18 51 51
0329_0021_0005_0053_0053.jpg 1 21 5 53 53
0330_0066_0008_0026_0026.jpg 1 66 8 26 26
0331_0014_0057_0028_0028.jpg 1 14 57 28 28
0332_0015_0005_0068_0068.jpg 1 15 5 68 68
0333_0030_0035_0057_0057.jpg 1 30 35 57 57
0334_0034_0013_0039_0039.jpg 1 34 13 39 39
0335_0023_0012_0062_0062.jpg 1 23 12 62 62
0336_0022_0040_0039_0039.jpg 1 22 40 39 39
0337_0012_0026_0066_0066.jpg 1 12 26 66 66
0338_0028_0056_0032_0032.jpg 1 28 56 32 32
0339_0045_0031_0048_0048.jpg 1 45 31 48 48
0340_0028_0019_0057_0057.jpg 1 28 19 57 57
0341_0019_0022_0067_0067.jpg 1 19 22 67 67
0342_0057_0010_0035_0035.jpg 1 57 10 35 35
0343_0035_0008_0059_0059.jpg 1 35 8 59 59
0344_0019_0066_0026_0026.jpg 1 19 66 26 26
0345_0025_0025_0050_0050.jpg 1 25 25 50 50
0346_0016_0009_0046_0046.jpg 1 16 9 46 46
0347_0060_0040_0024_0024.jpg 1 60 40 24 24
0348_0019_0013_0056_0056.jpg 1 19 13 56 56
0349_0037_0040_0052_0052.jpg 1 37 40 52 52
0350_0028_0015_0066_0066.jpg 1 28 15 66 66
0351_0018_0005_0058_0058.jpg 1 18 5 58 58
0352_0031_0024_0063_0063.jpg 1 31 24 63 63
0353_0021_0060_0029_0029.jpg 1 21 60 29 29
0354_0021_0057_0024_0024.jpg 1 21 57 24 24
0355_0026_0005_0056_0056.jpg 1 26 5 56 56
0356_0053_0023_0038_0038.jpg 1 53 23 38 38
0357_0020_0025_0037_0037.jpg 1 20 25 37 37
0358_0049_0050_0032_0032.jpg 1 49 50 32 32
0359_0026_0011_0043_0043.jpg 1 26 11 43 43
0360_0027_0037_0036_0036.jpg 1 27 37 36 36
0361_0013_0015_0064_0064.jpg 1 13 15 64 64
0362_0053_0028_0031_0031.jpg 1 53 28 31 31
0363_0017_0025_0020_0020.jpg 1 17 25 20 20
0364_0023_0023_0063_0063.jpg 1 23 23 63 63
0365_0004_0003_0068_0068.jpg 1 4 3 68 68
0366_0019_0026_0064_0064.jpg 1 19 26 64 64
0367_0014_0031_0060_0060.jpg 1 14 31 60 60
0368_0034_0043_0036_0036.jpg 1 34 43 36 36
0369_0008_0021_0047_0047.jpg 1 8 21 47 47
0370_0018_0019_0022_0022.jpg 1 18 19 22 22
0371_0025_0032_0050_0050.jpg 1 25 32 50 50
0372_0015_0019_0068_0068.jpg 1 15 19 68 68
0373_0008_0036_0025_0025.jpg 1 8 36 25 25
0374_0052_0049_0041_0041.jpg 1 52 49 41 41
0375_0011_0012_0066_0066.jpg 1 11 12 66 66
0376_0036_0036_0046_0046.jpg 1 36 36 46 46
0377_0027_0056_0035_0035.jpg 1 27 56 35 35
0378_0042_0052_0027_0027.jpg 1 42 52 27 27
0379_0028_0010_0026_0026.jpg 1 28 10 26 26
0380_0031_0013_0042_0042.jpg 1 31 13 42 42
0381_0013_0016_0057_0057.jpg 1 13 16 57 57
0382_0056_0037_0035_0035.jpg 1 56 37 35 35
0383_0034_0023_0044_0044.jpg 1 34 23 44 44
0384_0038_0023_0043_0043.jpg 1 38 23 43 43
0385_0055_0059_0029_0029.jpg 1 55 59 29 29
0386_0005_0042_0045_0045.jpg 1 5 42 45 45
0387_0005_0015_0049_0049.jpg 1 5 15 49 49
0388_0048_0021_0037_0037.jpg 1 48 21 37 37
0389_0040_0030_0044_0044.jpg 1 40 30 44 44
0390_0027_0017_0036_0036.jpg 1 27 17 36 36
0391_0010_0016_0069_0069.jpg 1 10 16 69 69
0392_0012_0008_0059_0059.jpg 1 12 8 59 59
0393_0018_0027_0065_0065.jpg 1 18 27 65 65
0394_0015_0015_0063_0063.jpg 1 15 15 63 63
0395_0007_0032_0062_0062.jpg 1 7 32 62 62
0396_0056_0020_0024_0024.jpg 1 56 20 24 24
0397_0020_0035_0030_0030.jpg 1 20 35 30 30
0398_0022_0029_0051_0051.jpg 1 22 29 51 51
0399_0070_0069_0021_0021.jpg 1 70 69 21 21
0400_0021_0007_0062_0062.jpg 1 21 7 62 62
0401_0013_0008_0026_0026.jpg 1 13 8 26 26
0402_0020_0028_0066_0066.jpg 1 20 28 66 66
0403_0027_0021_0051_0051.jpg 1 27 21 51 51
0404_0020_0015_0062_0062.jpg 1 20 15 62 62
0405_0024_0029_0065_0065.jpg 1 24 29 65 65
0406_0032_0031_0058_0058.jpg 1 32 31 58 58
0407_0026_0030_0053_0053.jpg 1 26 30 53 53
0408_0050_0044_0031_0031.jpg 1 50 44 31 31
0409_0025_0035_0050_0050.jpg 1 25 35 50 50
0410_0023_0010_0025_0025.jpg 1 23 10 25 25
0411_0037_0033_0047_0047.jpg 1 37 33 47 47
0412_0022_0034_0034_0034.jpg 1 22 34 34 34
0413_0029_0043_0040_0040.jpg 1 29 43 40 40
0414_0022_0017_0046_0046.jpg 1 22 17 46 46
0415_0011_0008_0060_0060.jpg 1 11 8 60 60
0416_0019_0014_0027_0027.jpg 1 19 14 27 27
0417_0031_0033_0061_0061.jpg 1 31 33 61 61
0418_0046_0056_0024_0024.jpg 1 46 56 24 24
0419_0043_0025_0051_0051.jpg 1 43 25 51 51
0420_0022_0039_0021_0021.jpg 1 22 39 21 21
0421_0020_0037_0050_0050.jpg 1 20 37 50 50
0422_0056_0020_0037_0037.jpg 1 56 20 37 37
0423_0011_0009_0037_0037.jpg 1 11 9 37 37
0424_0008_0037_0056_0056.jpg 1 8 37 56 56
0425_0031_0008_0060_0060.jpg 1 31 8 60 60
0426_0043_0029_0042_0042.jpg 1 43 29 42 42
0427_0014_0012_0066_0066.jpg 1 14 12 66 66
0428_0031_0064_0024_0024.jpg 1 31 64 24 24
0429_0035_0053_0023_0023.jpg 1 35 53 23 23
0430_0021_0010_0068_0068.jpg 1 21 10 68 68
0431_0065_0051_0025_0025.jpg 1 65 51 25 25
0432_0039_0052_0021_0021.jpg 1 39 52 21 21
0433_0065_0030_0025_0025.jpg 1 65 30 25 25
0434_0051_0025_0021_0021.jpg 1 51 25 21 21
0435_0046_0018_0023_0023.jpg 1 46 18 23 23
0436_0039_0035_0045_0045.jpg 1 39 35 45 45
0437_0034_0026_0050_0050.jpg 1 34 26 50 50
0438_0021_0012_0041_0041.jpg 1 21 12 41 41
0439_0037_0015_0036_0036.jpg 1 37 15 36 36
0440_0033_0006_0050_0050.jpg 1 33 6 50 50
0441_0051_0022_0034_0034.jpg 1 51 22 34 34
0442_0046_0037_0041_0041.jpg 1 46 37 41 41
0443_0047_0010_0046_0046.jpg 1 47 10 46 46
0444_0024_0008_0038_0038.jpg 1 24 8 38 38
0445_0009_0020_0060_0060.jpg 1 9 20 60 60
0446_0055_0039_0037_0037.jpg 1 55 39 37 37
0447_0021_0039_0034_0034.jpg 1 21 39 34 34
0448_0037_0046_0032_0032.jpg 1 37 46 32 32
0449_0009_0026_0049_0049.jpg 1 9 26 49 49
0450_0028_0016_0059_0059.jpg 1 28 16 59 59
0451_0008_0018_0053_0053.jpg 1 8 18 53 53
0452_0029_0057_0028_0028.jpg 1 29 57 28 28
0453_0005_0005_0067_0067.jpg 1 5 5 67 67
0454_0019_0005_0055_0055.jpg 1 19 5 55 55
0455_0027_0022_0069_0069.jpg 1 27 22 69 69
0456_0037_0015_0056_0056.jpg 1 37 15 56 56
0457_0026_0026_0056_0056.jpg 1 26 26 56 56
0458_0023_0005_0051_0051.jpg 1 23 5 51 51
0459_0012_0029_0057_0057.jpg 1 12 29 57 57
0460_0007_0033_0026_0026.jpg 1 7 33 26 26
0461_0007_0023_0037_0037.jpg 1 7 23 37 37
0462_0019_0025_0050_0050.jpg 1 19 25 50 50
0463_0021_0026_0066_0066.jpg 1 21 26 66 66
0464_0027_0022_0051_0051.jpg 1 27 22 51 51
0465_0024_0030_0063_0063.jpg 1 24 30 63 63
0466_0017_0055_0026_0026.jpg 1 17 55 26 26
0467_0013_0008_0059_0059.jpg 1 13 8 59 59
0468_0014_0014_0067_0067.jpg 1 14 14 67 67
0469_0007_0032_0040_0040.jpg 1 7 32 40 40
0470_0016_0048_0023_0023.jpg 1 16 48 23 23
0471_0041_0034_0042_0042.jpg 1 41 34 42 42
0472_0017_0025_0053_0053.jpg 1 17 25 53 53
0473_0023_0010_0069_0069.jpg 1 23 10 69 69
0474_0024_0022_0058_0058.jpg 1 24 22 58 58
0475_0046_0007_0029_0029.jpg 1 46 7 29 29
0476_0030_0011_0059_0059.jpg 1 30 11 59 59
0477_0021_0034_0052_0052.jpg 1 21 34 52 52
0478_0048_0046_0022_0022.jpg 1 48 46 22 22
0479_0028_0019_0060_0060.jpg 1 28 19 60 60
0480_0060_0060_0027_0027.jpg 1 60 60 27 27
0481_0051_0027_0040_0040.jpg 1 51 27 40 40
0482_0031_0015_0050_0050.jpg 1 31 15 50 50
0483_0062_0057_0021_0021.jpg 1 62 57 21 21
0484_0020_0039_0049_0049.jpg 1 20 39 49 49
0485_0036_0041_0045_0045.jpg 1 36 41 45 45
0486_0025_0007_0031_0031.jpg 1 25 7 31 31
0487_0042_0036_0041_0041.jpg 1 42 36 41 41
0488_0027_0012_0068_0068.jpg 1 27 12 68 68
0489_0020_0010_0039_0039.jpg 1 20 10 39 39
0490_0050_0012_0032_0032.jpg 1 50 12 32 32
0491_0011_0036_0022_0022.jpg 1 11 36 22 22
0492_0065_0041_0020_0020.jpg 1 65 41 20 20
0493_0012_0032_0061_0061.jpg 1 12 32 61 61
0494_0044_0008_0037_0037.jpg 1 44 8 37 37
0495_0061_0033_0031_0031.jpg 1 61 33 31 31
0496_0024_0026_0022_0022.jpg 1 24 26 22 22
0497_0030_0028_0040_0040.jpg 1 30 28 40 40
0498_0028_0037_0053_0053.jpg 1 28 37 53 53
0499_0020_0004_0063_0063.jpg 1 20 4 63 63
0500_0005_0013_0061_0061.jpg 1 5 13 61 61
0501_0039_0021_0048_0048.jpg 1 39 21 48 48
0502_0017_0028_0066_0066.jpg 1 17 28 66 66
0503_0016_0008_0061_0061.jpg 1 16 8 61 61
0504_0029_0022_0050_0050.jpg 1 29 22 50 50
0505_0012_0046_0026_0026.jpg 1 12 46 26 26
0506_0021_0064_0022_0022.jpg 1 21 64 22 22
0507_0014_0035_0038_0038.jpg 1 14 35 38 38
0508_0009_0035_0038_0038.jpg 1 9 35 38 38
0509_0024_0050_0035_0035.jpg 1 24 50 35 35
0510_0010_0013_0022_0022.jpg 1 10 13 22 22
0511_0047_0012_0030_0030.jpg 1 47 12 30 30
0512_0019_0007_0028_0028.jpg 1 19 7 28 28
0513_0010_0029_0065_0065.jpg 1 10 29 65 65
0514_0051_0010_0039_0039.jpg 1 51 10 39 39
0515_0040_0013_0041_0041.jpg 1 40 13 41 41
0516_0030_0014_0055_0055.jpg 1 30 14 55 55
0517_0037_0043_0039_0039.jpg 1 37 43 39 39
0518_0024_0065_0023_0023.jpg 1 24 65 23 23
0519_0005_0016_0067_0067.jpg 1 5 16 67 67
0520_0047_0054_0036_0036.jpg 1 47 54 36 36
0521_0018_0026_0069_0069.jpg 1 18 26 69 69
0522_0025_0035_0050_0050.jpg 1 25 35 50 50
0523_0047_0041_0035_0035.jpg 1 47 41 35 35
0524_0054_0056_0032_0032.jpg 1 54 56 32 32
0525_0035_0043_0052_0052.jpg 1 35 43 52 52
0526_0015_0028_0051_0051.jpg 1 15 28 51 51
0527_0055_0013_0026_0026.jpg 1 55 13 26 26
0528_0034_0050_0040_0040.jpg 1 34 50 40 40
0529_0050_0024_0044_0044.jpg 1 50 24 44 44
0530_0008_0020_0058_0058.jpg 1 8 20 58 58
0531_0053_0051_0037_0037.jpg 1 53 51 37 37
0532_0030_0047_0034_0034.jpg 1 30 47 34 34
0533_0035_0030_0060_0060.jpg 1 35 30 60 60
0534_0039_0008_0036_0036.jpg 1 39 8 36 36
0535_0029_0046_0047_0047.jpg 1 29 46 47 47
0536_0010_0039_0034_0034.jpg 1 10 39 34 34
0537_0008_0024_0060_0060.jpg 1 8 24 60 60
0538_0020_0047_0043_0043.jpg 1 20 47 43 43
0539_0035_0044_0041_0041.jpg 1 35 44 41 41
0540_0025_0026_0047_0047.jpg 1 25 26 47 47
0541_0043_0017_0036_0036.jpg 1 43 17 36 36
0542_0027_0008_0055_0055.jpg 1 27 8 55 55
0543_0038_0025_0045_0045.jpg 1 38 25 45 45
0544_0061_0063_0022_0022.jpg 1 61 63 22 22
0545_0025_0011_0064_0064.jpg 1 25 11 64 64
0546_0009_0024_0033_0033.jpg 1 9 24 33 33
0547_0007_0016_0022_0022.jpg 1 7 16 22 22
0548_0042_0025_0027_0027.jpg 1 42 25 27 27
0549_0057_0036_0020_0020.jpg 1 57 36 20 20
0550_0024_0050_0027_0027.jpg 1 24 50 27 27
0551_0007_0051_0032_0032.jpg 1 7 51 32 32
0552_0033_0020_0047_0047.jpg 1 33 20 47 47
0553_0026_0027_0068_0068.jpg 1 26 27 68 68
0554_0035_0017_0034_0034.jpg 1 35 17 34 34
0555_0036_0008_0038_0038.jpg 1 36 8 38 38
0556_0031_0031_0048_0048.jpg 1 31 31 48 48
0557_0015_0009_0054_0054.jpg 1 15 9 54 54
0558_0034_0017_0057_0057.jpg 1 34 17 57 57
0559_0039_0014_0055_0055.jpg 1 39 14 55 55
0560_0018_0024_0060_0060.jpg 1 18 24 60 60
0561_0026_0045_0036_0036.jpg 1 26 45 36 36
0562_0027_0014_0034_0034.jpg 1 27 14 34 34
0563_0037_0030_0052_0052.jpg 1 37 30 52 52
0564_0061_0060_0031_0031.jpg 1 61 60 31 31
0565_0042_0047_0043_0043.jpg 1 42 47 43 43
0566_0041_0046_0038_0038.jpg 1 41 46 38 38
0567_0040_0008_0049_0049.jpg 1 40 8 49 49
0568_0010_0043_0047_0047.jpg 1 10 43 47 47
0569_0013_0029_0050_0050.jpg 1 13 29 50 50
0570_0046_0025_0031_0031.jpg 1 46 25 31 31
0571_0025_0031_0062_0062.jpg 1 25 31 62 62
0572_0024_0048_0043_0043.jpg 1 24 48 43 43
0573_0028_0034_0027_0027.jpg 1 28 34 27 27
0574_0034_0014_0031_0031.jpg 1 34 14 31 31
0575_0018_0005_0063_0063.jpg 1 18 5 63 63
0576_0060_0043_0021_0021.jpg 1 60 43 21 21
0577_0016_0007_0053_0053.jpg 1 16 7 53 53
0578_0037_0045_0029_0029.jpg 1 37 45 29 29
0579_0016_0051_0032_0032.jpg 1 16 51 32 32
0580_0040_0023_0047_0047.jpg 1 40 23 47 47
0581_0021_0028_0035_0035.jpg 1 21 28 35 35
0582_0011_0051_0040_0040.jpg 1 11 51 40 40
0583_0011_0039_0045_0045.jpg 1 11 39 45 45
0584_0034_0029_0058_0058.jpg 1 34 29 58 58
0585_0030_0033_0033_0033.jpg 1 30 33 33 33
0586_0012_0030_0043_0043.jpg 1 12 30 43 43
0587_0021_0012_0047_0047.jpg 1 21 12 47 47
0588_0014_0024_0037_0037.jpg 1 14 24 37 37
0589_0017_0009_0056_0056.jpg 1 17 9 56 56
0590_0010_0020_0062_0062.jpg 1 10 20 62 62
0591_0017_0029_0024_0024.jpg 1 17 29 24 24
0592_0026_0028_0031_0031.jpg 1 26 28 31 31
0593_0011_0035_0051_0051.jpg 1 11 35 51 51
0594_0037_0004_0057_0057.jpg 1 37 4 57 57
0595_0029_0039_0043_0043.jpg 1 29 39 43 43
0596_0030_0006_0057_0057.jpg 1 30 6 57 57
0597_0059_0048_0030_0030.jpg 1 59 48 30 30
0598_0013_0004_0067_0067.jpg 1 13 4 67 67
0599_0033_0034_0048_0048.jpg 1 33 34 48 48
0600_0032_0013_0055_0055.jpg 1 32 13 55 55
0601_0032_0040_0045_0045.jpg 1 32 40 45 45
0602_0032_0039_0039_0039.jpg 1 32 39 39 39
0603_0006_0023_0037_0037.jpg 1 6 23 37 37
0604_0064_0031_0022_0022.jpg 1 64 31 22 22
0605_0022_0059_0031_0031.jpg 1 22 59 31 31
0606_0020_0022_0051_0051.jpg 1 20 22 51 51
0607_0020_0023_0054_0054.jpg 1 20 23 54 54
0608_0006_0031_0056_0056.jpg 1 6 31 56 56
0609_0020_0045_0028_0028.jpg 1 20 45 28 28
0610_0019_0011_0058_0058.jpg 1 19 11 58 58
0611_0035_0046_0043_0043.jpg 1 35 46 43 43
0612_0035_0037_0054_0054.jpg 1 35 37 54 54
0613_0047_0070_0021_0021.jpg 1 47 70 21 21
0614_0034_0040_0032_0032.jpg 1 34 40 32 32
0615_0036_0030_0045_0045.jpg 1 36 30 45 45
0616_0036_0016_0050_0050.jpg 1 36 16 50 50
0617_0030_0023_0050_0050.jpg 1 30 23 50 50
0618_0034_0025_0042_0042.jpg 1 34 25 42 42
0619_0024_0033_0036_0036.jpg 1 24 33 36 36
0620_0025_0009_0069_0069.jpg 1 25 9 69 69
0621_0012_0013_0054_0054.jpg 1 12 13 54 54
0622_0044_0047_0034_0034.jpg 1 44 47 34 34
0623_0016_0036_0056_0056.jpg 1 16 36 56 56
0624_0023_0032_0062_0062.jpg 1 23 32 62 62
0625_0053_0058_0020_0020.jpg 1 53 58 20 20
0626_0040_0037_0046_0046.jpg 1 40 37 46 46
0627_0005_0006_0066_0066.jpg 1 5 6 66 66
0628_0030_0026_0062_0062.jpg 1 30 26 62 62
0629_0008_0039_0036_0036.jpg 1 8 39 36 36
0630_0025_0049_0044_0044.jpg 1 25 49 44 44
0631_0030_0022_0066_0066.jpg 1 30 22 66 66
0632_0041_0009_0041_0041.jpg 1 41 9 41 41
0633_0041_0013_0047_0047.jpg 1 41 13 47 47
0634_0061_0043_0025_0025.jpg 1 61 43 25 25
0635_0060_0036_0025_0025.jpg 1 60 36 25 25
0636_0030_0019_0029_0029.jpg 1 30 19 29 29
0637_0012_0006_0040_0040.jpg 1 12 6 40 40
0638_0098_0066_0032_0032.jpg 1 98 66 32 32
0639_0037_0049_0029_0029.jpg 1 37 49 29 29
0640_0038_0042_0052_0052.jpg 1 38 42 52 52
0641_0054_0044_0026_0026.jpg 1 54 44 26 26
0642_0034_0052_0039_0039.jpg 1 34 52 39 39
0643_0055_0009_0030_0030.jpg 1 55 9 30 30
0644_0055_0017_0024_0024.jpg 1 55 17 24 24
0645_0026_0028_0041_0041.jpg 1 26 28 41 41
0646_0023_0041_0041_0041.jpg 1 23 41 41 41
0647_0019_0067_0020_0020.jpg 1 19 67 20 20
0648_0014_0015_0033_0033.jpg 1 14 15 33 33
0649_0024_0029_0063_0063.jpg 1 24 29 63 63
0650_0009_0029_0066_0066.jpg 1 9 29 66 66
0651_0031_0048_0042_0042.jpg 1 31 48 42 42
0652_0051_0028_0035_0035.jpg 1 51 28 35 35
0653_0048_0030_0028_0028.jpg 1 48 30 28 28
0654_0056_0047_0025_0025.jpg 1 56 47 25 25
0655_0054_0053_0032_0032.jpg 1 54 53 32 32
0656_0033_0014_0039_0039.jpg 1 33 14 39 39
0657_0042_0055_0034_0034.jpg 1 42 55 34 34
0658_0015_0019_0058_0058.jpg 1 15 19 58 58
0659_0009_0037_0042_0042.jpg 1 9 37 42 42
0660_0049_0039_0032_0032.jpg 1 49 39 32 32
0661_0016_0028_0065_0065.jpg 1 16 28 65 65
0662_0010_0045_0043_0043.jpg 1 10 45 43 43
0663_0017_0029_0040_0040.jpg 1 17 29 40 40
0664_0005_0029_0063_0063.jpg 1 5 29 63 63
0665_0045_0051_0033_0033.jpg 1 45 51 33 33
0666_0018_0008_0053_0053.jpg 1 18 8 53 53
0667_0023_0021_0067_0067.jpg 1 23 21 67 67
0668_0022_0056_0022_0022.jpg 1 22 56 22 22
0669_0016_0040_0051_0051.jpg 1 16 40 51 51
0670_0032_0027_0061_0061.jpg 1 32 27 61 61
0671_0010_0012_0054_0054.jpg 1 10 12 54 54
0672_0020_0026_0057_0057.jpg 1 20 26 57 57
0673_0027_0037_0044_0044.jpg 1 27 37 44 44
0674_0023_0004_0069_0069.jpg 1 23 4 69 69
0675_0019_0018_0057_0057.jpg 1 19 18 57 57
0676_0006_0022_0047_0047.jpg 1 6 22 47 47
0677_0032_0009_0034_0034.jpg 1 32 9 34 34
0678_0024_0024_0048_0048.jpg 1 24 24 48 48
0679_0018_0040_0045_0045.jpg 1 18 40 45 45
0680_0042_0007_0034_0034.jpg 1 42 7 34 34
0681_0022_0021_0064_0064.jpg 1 22 21 64 64
0682_0025_0022_0030_0030.jpg 1 25 22 30 30
0683_0027_0027_0040_0040.jpg 1 27 27 40 40
0684_0033_0016_0029_0029.jpg 1 33 16 29 29
0685_0026_0020_0027_0027.jpg 1 26 20 27 27
0686_0045_0041_0032_0032.jpg 1 45 41 32 32
0687_0033_0038_0038_0038.jpg 1 33 38 38 38
0688_0014_0016_0027_0027.jpg 1 14 16 27 27
0689_0018_0007_0067_0067.jpg 1 18 7 67 67
0690_0012_0070_0020_0020.jpg 1 12 70 20 20
0691_0024_0008_0050_0050.jpg 1 24 8 50 50
0692_0049_0011_0038_0038.jpg 1 49 11 38 38
0693_0029_0007_0036_0036.jpg 1 29 7 36 36
0694_0025_0030_0050_0050.jpg 1 25 30 50 50
0695_0027_0017_0067_0067.jpg 1 27 17 67 67
0696_0041_0024_0052_0052.jpg 1 41 24 52 52
0697_0010_0045_0032_0032.jpg 1 10 45 32 32
0698_0025_0016_0055_0055.jpg 1 25 16 55 55
0699_0008_0024_0067_0067.jpg 1 8 24 67 67
0700_0012_0035_0059_0059.jpg 1 12 35 59 59
0701_0031_0027_0055_0055.jpg 1 31 27 55 55
0702_0023_0012_0032_0032.jpg 1 23 12 32 32
0703_0035_0023_0040_0040.jpg 1 35 23 40 40
0704_0027_0010_0067_0067.jpg 1 27 10 67 67
0705_0016_0040_0052_0052.jpg 1 16 40 52 52
0706_0029_0026_0060_0060.jpg 1 29 26 60 60
0707_0026_0031_0046_0046.jpg 1 26 31 46 46
0708_0045_0031_0048_0048.jpg 1 45 31 48 48
0709_0004_0026_0062_0062.jpg 1 4 26 62 62
0710_0007_0016_0040_0040.jpg 1 7 16 40 40
0711_0008_0030_0062_0062.jpg 1 8 30 62 62
0712_0012_0047_0042_0042.jpg 1 12 47 42 42
0713_0011_0044_0023_0023.jpg 1 11 44 23 23
0714_0032_0020_0037_0037.jpg 1 32 20 37 37
0715_0020_0053_0036_0036.jpg 1 20 53 36 36
0716_0037_0032_0054_0054.jpg 1 37 32 54 54
0717_0023_0031_0060_0060.jpg 1 23 31 60 60
0718_0033_0020_0052_0052.jpg 1 33 20 52 52
0719_0018_0016_0068_0068.jpg 1 18 16 68 68
0720_0014_0027_0060_0060.jpg 1 14 27 60 60
0721_0020_0038_0047_0047.jpg 1 20 38 47 47
0722_0030_0012_0033_0033.jpg 1 30 12 33 33
0723_0020_0006_0059_0059.jpg 1 20 6 59 59
0724_0023_0009_0024_0024.jpg 1 23 9 24 24
0725_0017_0008_0053_0053.jpg 1 17 8 53 53
0726_0039_0029_0056_0056.jpg 1 39 29 56 56
0727_0015_0026_0030_0030.jpg 1 15 26 30 30
0728_0055_0046_0023_0023.jpg 1 55 46 23 23
0729_0044_0048_0034_0034.jpg 1 44 48 34 34
0730_0021_0024_0056_0056.jpg 1 21 24 56 56
0731_0003_0025_0065_0065.jpg 1 3 25 65 65
0732_0019_0013_0060_0060.jpg 1 19 13 60 60
0733_0014_0014_0047_0047.jpg 1 14 14 47 47
0734_0023_0047_0034_0034.jpg 1 23 47 34 34
0735_0041_0027_0044_0044.jpg 1 41 27 44 44
0736_0030_0034_0048_0048.jpg 1 30 34 48 48
0737_0015_0035_0049_0049.jpg 1 15 35 49 49
0738_0013_0028_0046_0046.jpg 1 13 28 46 46
0739_0048_0014_0035_0035.jpg 1 48 14 35 35
0740_0043_0031_0023_0023.jpg 1 43 31 23 23
0741_0020_0008_0042_0042.jpg 1 20 8 42 42
0742_0021_0022_0038_0038.jpg 1 21 22 38 38
0743_0034_0045_0029_0029.jpg 1 34 45 29 29
0744_0041_0029_0028_0028.jpg 1 41 29 28 28
0745_0031_0008_0062_0062.jpg 1 31 8 62 62
0746_0060_0052_0023_0023.jpg 1 60 52 23 23
0747_0018_0029_0053_0053.jpg 1 18 29 53 53
0748_0057_0032_0026_0026.jpg 1 57 32 26 26
0749_0019_0027_0022_0022.jpg 1 19 27 22 22
0750_0006_0023_0043_0043.jpg 1 6 23 43 43
0751_0011_0042_0023_0023.jpg 1 11 42 23 23
0752_0032_0005_0063_0063.jpg 1 32 5 63 63
0753_0033_0007_0055_0055.jpg 1 33 7 55 55
0754_0041_0006_0049_0049.jpg 1 41 6 49 49
0755_0024_0015_0027_0027.jpg 1 24 15 27 27
0756_0028_0054_0025_0025.jpg 1 28 54 25 25
0757_0030_0035_0059_0059.jpg 1 30 35 59 59
0758_0018_0009_0047_0047.jpg 1 18 9 47 47
0759_0057_0024_0027_0027.jpg 1 57 24 27 27
0760_0016_0020_0031_0031.jpg 1 16 20 31 31
0761_0028_0059_0023_0023.jpg 1 28 59 23 23
0762_0011_0018_0039_0039.jpg 1 11 18 39 39
0763_0044_0047_0033_0033.jpg 1 44 47 33 33
0764_0032_0024_0056_0056.jpg 1 32 24 56 56
0765_0021_0039_0032_0032.jpg 1 21 39 32 32
0766_0022_0010_0067_0067.jpg 1 22 10 67 67
0767_0011_0026_0069_0069.jpg 1 11 26 69 69
0768_0009_0018_0045_0045.jpg 1 9 18 45 45
0769_0026_0049_0045_0045.jpg 1 26 49 45 45
0770_0043_0039_0038_0038.jpg 1 43 39 38 38
0771_0040_0022_0035_0035.jpg 1 40 22 35 35
0772_0026_0020_0061_0061.jpg 1 26 20 61 61
0773_0018_0015_0063_0063.jpg 1 18 15 63 63
0774_0015_0039_0046_0046.jpg 1 15 39 46 46
0775_0018_0036_0043_0043.jpg 1 18 36 43 43
0776_0034_0046_0042_0042.jpg 1 34 46 42 42
0777_0023_0028_0054_0054.jpg 1 23 28 54 54
0778_0021_0016_0046_0046.jpg 1 21 16 46 46
0779_0036_0039_0027_0027.jpg 1 36 39 27 27
0780_0026_0006_0035_0035.jpg 1 26 6 35 35
0781_0051_0036_0020_0020.jpg 1 51 36 20 20
0782_0026_0060_0024_0024.jpg 1 26 60 24 24
0783_0065_0026_0027_0027.jpg 1 65 26 27 27
0784_0069_0020_0020_0020.jpg 1 69 20 20 20
0785_0018_0064_0027_0027.jpg 1 18 64 27 27
0786_0038_0048_0044_0044.jpg 1 38 48 44 44
0787_0013_0012_0067_0067.jpg 1 13 12 67 67
0788_0044_0050_0020_0020.jpg 1 44 50 20 20
0789_0059_0023_0031_0031.jpg 1 59 23 31 31
0790_0032_0038_0048_0048.jpg 1 32 38 48 48
0791_0029_0045_0022_0022.jpg 1 29 45 22 22
0792_0009_0039_0054_0054.jpg 1 9 39 54 54
0793_0030_0006_0058_0058.jpg 1 30 6 58 58
0794_0036_0023_0025_0025.jpg 1 36 23 25 25
0795_0064_0022_0021_0021.jpg 1 64 22 21 21
0796_0053_0028_0038_0038.jpg 1 53 28 38 38
0797_0010_0014_0068_0068.jpg 1 10 14 68 68
0798_0019_0014_0065_0065.jpg 1 19 14 65 65
0799_0020_0026_0059_0059.jpg 1 20 26 59 59
0800_0050_0040_0041_0041.jpg 1 50 40 41 41
0801_0042_0013_0030_0030.jpg 1 42 13 30 30
0802_0006_0005_0055_0055.jpg 1 6 5 55 55
0803_0033_0021_0060_0060.jpg 1 33 21 60 60
0804_0020_0032_0064_0064.jpg 1 20 32 64 64
0805_0013_0008_0068_0068.jpg 1 13 8 68 68
0806_0012_0037_0026_0026.jpg 1 12 37 26 26
0807_0042_0013_0027_0027.jpg 1 42 13 27 27
0808_0010_0027_0021_0021.jpg 1 10 27 21 21
0809_0050_0029_0031_0031.jpg 1 50 29 31 31
0810_0048_0018_0022_0022.jpg 1 48 18 22 22
0811_0020_0012_0050_0050.jpg 1 20 12 50 50
0812_0035_0014_0028_0028.jpg 1 35 14 28 28
0813_0033_0028_0043_0043.jpg 1 33 28 43 43
0814_0036_0006_0041_0041.jpg 1 36 6 41 41
0815_0023_0007_0047_0047.jpg 1 23 7 47 47
0816_0042_0019_0046_0046.jpg 1 42 19 46 46
0817_0029_0003_0065_0065.jpg 1 29 3 65 65
0818_0007_0011_0063_0063.jpg 1 7 11 63 63
0819_0010_0014_0069_0069.jpg 1 10 14 69 69
0820_0009_0026_0069_0069.jpg 1 9 26 69 69
0821_0026_0064_0023_0023.jpg 1 26 64 23 23
0822_0006_0009_0067_0067.jpg 1 6 9 67 67
0823_0011_0006_0057_0057.jpg 1 11 6 57 57
0824_0014_0023_0064_0064.jpg 1 14 23 64 64
0825_0053_0028_0024_0024.jpg 1 53 28 24 24
0826_0006_0017_0064_0064.jpg 1 6 17 64 64
0827_0013_0006_0035_0035.jpg 1 13 6 35 35
0828_0061_0025_0031_0031.jpg 1 61 25 31 31
0829_0037_0018_0058_0058.jpg 1 37 18 58 58
0830_0010_0044_0029_0029.jpg 1 10 44 29 29
0831_0035_0054_0029_0029.jpg 1 35 54 29 29
0832_0018_0028_0037_0037.jpg 1 18 28 37 37
0833_0062_0044_0026_0026.jpg 1 62 44 26 26
0834_0005_0031_0058_0058.jpg 1 5 31 58 58
0835_0012_0004_0064_0064.jpg 1 12 4 64 64
0836_0039_0046_0048_0048.jpg 1 39 46 48 48
0837_0012_0053_0021_0021.jpg 1 12 53 21 21
0838_0012_0031_0041_0041.jpg 1 12 31 41 41
0839_0022_0018_0058_0058.jpg 1 22 18 58 58
0840_0031_0023_0049_0049.jpg 1 31 23 49 49
0841_0030_0008_0066_0066.jpg 1 30 8 66 66
0842_0013_0010_0058_0058.jpg 1 13 10 58 58
0843_0037_0065_0027_0027.jpg 1 37 65 27 27
0844_0037_0032_0057_0057.jpg 1 37 32 57 57
0845_0035_0040_0051_0051.jpg 1 35 40 51 51
0846_0027_0013_0033_0033.jpg 1 27 13 33 33
0847_0017_0013_0069_0069.jpg 1 17 13 69 69
0848_0018_0004_0067_0067.jpg 1 18 4 67 67
0849_0031_0054_0026_0026.jpg 1 31 54 26 26
0850_0013_0015_0069_0069.jpg 1 13 15 69 69
0851_0036_0031_0033_0033.jpg 1 36 31 33 33
0852_0045_0048_0031_0031.jpg 1 45 48 31 31
0853_0015_0005_0048_0048.jpg 1 15 5 48 48
0854_0057_0028_0033_0033.jpg 1 57 28 33 33
0855_0044_0055_0027_0027.jpg 1 44 55 27 27
0856_0033_0005_0058_0058.jpg 1 33 5 58 58
0857_0006_0008_0056_0056.jpg 1 6 8 56 56
0858_0034_0026_0058_0058.jpg 1 34 26 58 58
0859_0039_0016_0046_0046.jpg 1 39 16 46 46
0860_0028_0016_0022_0022.jpg 1 28 16 22 22
0861_0034_0020_0058_0058.jpg 1 34 20 58 58
0862_0007_0011_0045_0045.jpg 1 7 11 45 45
0863_0023_0036_0035_0035.jpg 1 23 36 35 35
0864_0015_0025_0064_0064.jpg 1 15 25 64 64
0865_0009_0055_0026_0026.jpg 1 9 55 26 26
0866_0056_0043_0036_0036.jpg 1 56 43 36 36
0867_0049_0027_0020_0020.jpg 1 49 27 20 20
0868_0027_0007_0052_0052.jpg 1 27 7 52 52
0869_0017_0003_0068_0068.jpg 1 17 3 68 68
0870_0048_0015_0037_0037.jpg 1 48 15 37 37
0871_0014_0020_0029_0029.jpg 1 14 20 29 29
0872_0020_0009_0025_0025.jpg 1 20 9 25 25
0873_0039_0060_0022_0022.jpg 1 39 60 22 22
0874_0030_0036_0052_0052.jpg 1 30 36 52 52
0875_0060_0029_0030_0030.jpg 1 60 29 30 30
0876_0015_0033_0061_0061.jpg 1 15 33 61 61
0877_0013_0014_0067_0067.jpg 1 13 14 67 67
0878_0053_0059_0034_0034.jpg 1 53 59 34 34
0879_0024_0019_0043_0043.jpg 1 24 19 43 43
0880_0030_0026_0052_0052.jpg 1 30 26 52 52
0881_0020_0026_0060_0060.jpg 1 20 26 60 60
0882_0034_0035_0052_0052.jpg 1 34 35 52 52
0883_0037_0038_0049_0049.jpg 1 37 38 49 49
0884_0024_0023_0067_0067.jpg 1 24 23 67 67
0885_0038_0030_0042_0042.jpg 1 38 30 42 42
0886_0022_0036_0038_0038.jpg 1 22 36 38 38
0887_0060_0021_0030_0030.jpg 1 60 21 30 30
0888_0032_0021_0050_0050.jpg 1 32 21 50 50
0889_0028_0013_0034_0034.jpg 1 28 13 34 34
0890_0047_0027_0029_0029.jpg 1 47 27 29 29
0891_0046_0046_0039_0039.jpg 1 46 46 39 39
0892_0007_0020_0044_0044.jpg 1 7 20 44 44
0893_0023_0032_0053_0053.jpg 1 23 32 53 53
0894_0019_0005_0066_0066.jpg 1 19 5 66 66
0895_0032_0016_0063_0063.jpg 1 32 16 63 63
0896_0031_0040_0049_0049.jpg 1 31 40 49 49
0897_0009_0020_0068_0068.jpg 1 9 20 68 68
0898_0027_0056_0027_0027.jpg 1 27 56 27 27
0899_0020_0048_0043_0043.jpg 1 20 48 43 43
0900_0024_0053_0025_0025.jpg 1 24 53 25 25
0901_0027_0003_0069_0069.jpg 1 27 3 69 69
0902_0041_0043_0042_0042.jpg 1 41 43 42 42
0903_0033_0045_0048_0048.jpg 1 33 45 48 48
0904_0034_0029_0060_0060.jpg 1 34 29 60 60
0905_0065_0014_0026_0026.jpg 1 65 14 26 26
0906_0031_0007_0059_0059.jpg 1 31 7 59 59
0907_0046_0053_0037_0037.jpg 1 46 53 37 37
0908_0012_0036_0020_0020.jpg 1 12 36 20 20
0909_0013_0032_0033_0033.jpg 1 13 32 33 33
0910_0024_0023_0062_0062.jpg 1 24 23 62 62
0911_0008_0011_0064_0064.jpg 1 8 11 64 64
0912_0016_0018_0061_0061.jpg 1 16 18 61 61
0913_0058_0014_0028_0028.jpg 1 58 14 28 28
0914_0048_0016_0025_0025.jpg 1 48 16 25 25
0915_0027_0058_0032_0032.jpg 1 27 58 32 32
0916_0010_0017_0046_0046.jpg 1 10 17 46 46
0917_0061_0008_0030_0030.jpg 1 61 8 30 30
0918_0012_0017_0061_0061.jpg 1 12 17 61 61
0919_0005_0032_0053_0053.jpg 1 5 32 53 53
0920_0005_0008_0062_0062.jpg 1 5 8 62 62
0921_0007_0033_0061_0061.jpg 1 7 33 61 61
0922_0036_0030_0041_0041.jpg 1 36 30 41 41
0923_0032_0026_0046_0046.jpg 1 32 26 46 46
0924_0036_0050_0038_0038.jpg 1 36 50 38 38
0925_0032_0013_0051_0051.jpg 1 32 13 51 51
0926_0008_0026_0037_0037.jpg 1 8 26 37 37
0927_0048_0014_0024_0024.jpg 1 48 14 24 24
0928_0037_0041_0034_0034.jpg 1 37 41 34 34
0929_0023_0038_0030_0030.jpg 1 23 38 30 30
0930_0026_0026_0044_0044.jpg 1 26 26 44 44
0931_0011_0008_0046_0046.jpg 1 11 8 46 46
0932_0026_0021_0063_0063.jpg 1 26 21 63 63
0933_0018_0016_0067_0067.jpg 1 18 16 67 67
0934_0049_0019_0033_0033.jpg 1 49 19 33 33
0935_0022_0022_0052_0052.jpg 1 22 22 52 52
0936_0020_0018_0027_0027.jpg 1 20 18 27 27
0937_0019_0030_0063_0063.jpg 1 19 30 63 63
0938_0010_0033_0062_0062.jpg 1 10 33 62 62
0939_0050_0042_0032_0032.jpg 1 50 42 32 32
0940_0012_0051_0041_0041.jpg 1 12 51 41 41
0941_0048_0011_0043_0043.jpg 1 48 11 43 43
0942_0003_0022_0067_0067.jpg 1 3 22 67 67
0943_0026_0007_0036_0036.jpg 1 26 7 36 36
0944_0017_0008_0051_0051.jpg 1 17 8 51 51
0945_0008_0036_0059_0059.jpg 1 8 36 59 59
0946_0035_0025_0058_0058.jpg 1 35 25 58 58
0947_0034_0023_0054_0054.jpg 1 34 23 54 54
0948_0055_0050_0026_0026.jpg 1 55 50 26 26
0949_0005_0034_0059_0059.jpg 1 5 34 59 59
0950_0020_0021_0059_0059.jpg 1 20 21 59 59
0951_0028_0004_0060_0060.jpg 1 28 4 60 60
0952_0017_0005_0066_0066.jpg 1 17 5 66 66
0953_0005_0023_0054_0054.jpg 1 5 23 54 54
0954_0048_0014_0037_0037.jpg 1 48 14 37 37
0955_0023_0006_0066_0066.jpg 1 23 6 66 66
0956_0048_0029_0043_0043.jpg 1 48 29 43 43
0957_0040_0011_0037_0037.jpg 1 40 11 37 37
0958_0014_0016_0021_0021.jpg 1 14 16 21 21
0959_0040_0026_0048_0048.jpg 1 40 26 48 48
0960_0008_0029_0066_0066.jpg 1 8 29 66 66
0961_0014_0004_0068_0068.jpg 1 14 4 68 68
0962_0014_0030_0052_0052.jpg 1 14 30 52 52
0963_0050_0032_0035_0035.jpg 1 50 32 35 35
0964_0017_0043_0048_0048.jpg 1 17 43 48 48
0965_0027_0028_0035_0035.jpg 1 27 28 35 35
0966_0039_0013_0033_0033.jpg 1 39 13 33 33
0967_0035_0030_0049_0049.jpg 1 35 30 49 49
0968_0056_0058_0029_0029.jpg 1 56 58 29 29
0969_0052_0016_0034_0034.jpg 1 52 16 34 34
0970_0035_0028_0027_0027.jpg 1 35 28 27 27
0971_0022_0011_0029_0029.jpg 1 22 11 29 29
0972_0020_0038_0048_0048.jpg 1 20 38 48 48
0973_0011_0021_0038_0038.jpg 1 11 21 38 38
0974_0023_0020_0031_0031.jpg 1 23 20 31 31
0975_0029_0008_0042_0042.jpg 1 29 8 42 42
0976_0017_0015_0061_0061.jpg 1 17 15 61 61
0977_0048_0031_0042_0042.jpg 1 48 31 42 42
0978_0005_0019_0057_0057.jpg 1 5 19 57 57
0979_0021_0033_0040_0040.jpg 1 21 33 40 40
0980_0022_0013_0056_0056.jpg 1 22 13 56 56
0981_0018_0016_0037_0037.jpg 1 18 16 37 37
0982_0026_0037_0058_0058.jpg 1 26 37 58 58
0983_0015_0015_0056_0056.jpg 1 15 15 56 56
0984_0019_0032_0056_0056.jpg 1 19 32 56 56
0985_0011_0010_0046_0046.jpg 1 11 10 46 46
0986_0061_0040_0028_0028.jpg 1 61 40 28 28
0987_0052_0049_0040_0040.jpg 1 52 49 40 40
0988_0036_0014_0048_0048.jpg 1 36 14 48 48
0989_0020_0025_0061_0061.jpg 1 20 25 61 61
0990_0020_0026_0054_0054.jpg 1 20 26 54 54
0991_0011_0004_0066_0066.jpg 1 11 4 66 66
0992_0020_0014_0051_0051.jpg 1 20 14 51 51
0993_0031_0035_0050_0050.jpg 1 31 35 50 50
0994_0010_0031_0059_0059.jpg 1 10 31 59 59
0995_0027_0012_0033_0033.jpg 1 27 12 33 33
0996_0018_0022_0021_0021.jpg 1 18 22 21 21
0997_0020_0030_0056_0056.jpg 1 20 30 56 56
0998_0021_0014_0069_0069.jpg 1 21 14 69 69
0999_0045_0013_0048_0048.jpg 1 45 13 48 48
1000_0041_0011_0041_0041.jpg 1 41 11 41 41
1001_0012_0050_0021_0021.jpg 1 12 50 21 21
1002_0057_0055_0027_0027.jpg 1 57 55 27 27
1003_0028_0011_0053_0053.jpg 1 28 11 53 53
1004_0020_0011_0061_0061.jpg 1 20 11 61 61
1005_0013_0032_0034_0034.jpg 1 13 32 34 34
1006_0016_0010_0040_0040.jpg 1 16 10 40 40
1007_0052_0032_0026_0026.jpg 1 52 32 26 26
1008_0009_0035_0034_0034.jpg 1 9 35 34 34
1009_0004_0030_0064_0064.jpg 1 4 30 64 64
1010_0009_0046_0048_0048.jpg 1 9 46 48 48
1011_0027_0038_0041_0041.jpg 1 27 38 41 41
1012_0050_0010_0042_0042.jpg 1 50 10 42 42
1013_0022_0037_0035_0035.jpg 1 22 37 35 35
1014_0023_0013_0063_0063.jpg 1 23 13 63 63
1015_0035_0047_0044_0044.jpg 1 35 47 44 44
1016_0033_0008_0055_0055.jpg 1 33 8 55 55
1017_0018_0036_0058_0058.jpg 1 18 36 58 58
1018_0062_0060_0023_0023.jpg 1 62 60 23 23
1019_0047_0028_0044_0044.jpg 1 47 28 44 44
1020_0024_0034_0058_0058.jpg 1 24 34 58 58
1021_0030_0017_0045_0045.jpg 1 30 17 45 45
1022_0048_0053_0034_0034.jpg 1 48 53 34 34
1023_0053_0037_0037_0037.jpg 1 53 37 37 37
1024_0010_0013_0036_0036.jpg 1 10 13 36 36
1025_0049_0008_0041_0041.jpg 1 49 8 41 41
1026_0017_0017_0024_0024.jpg 1 17 17 24 24
1027_0021_0020_0062_0062.jpg 1 21 20 62 62
1028_0009_0034_0061_0061.jpg 1 9 34 61 61
1029_0029_0026_0066_0066.jpg 1 29 26 66 66
1030_0010_0029_0058_0058.jpg 1 10 29 58 58
1031_0039_0025_0055_0055.jpg 1 39 25 55 55
1032_0014_0025_0035_0035.jpg 1 14 25 35 35
1033_0022_0007_0028_0028.jpg 1 22 7 28 28
1034_0007_0020_0056_0056.jpg 1 7 20 56 56
1035_0027_0011_0062_0062.jpg 1 27 11 62 62
1036_0055_0049_0036_0036.jpg 1 55 49 36 36
1037_0036_0026_0057_0057.jpg 1 36 26 57 57
1038_0020_0031_0047_0047.jpg 1 20 31 47 47
1039_0014_0032_0057_0057.jpg 1 14 32 57 57
1040_0011_0003_0068_0068.jpg 1 11 3 68 68
1041_0043_0030_0036_0036.jpg 1 43 30 36 36
1042_0015_0025_0029_0029.jpg 1 15 25 29 29
1043_0019_0013_0056_0056.jpg 1 19 13 56 56
1044_0059_0010_0024_0024.jpg 1 59 10 24 24
1045_0027_0008_0034_0034.jpg 1 27 8 34 34
1046_0029_0034_0061_0061.jpg 1 29 34 61 61
1047_0024_0043_0037_0037.jpg 1 24 43 37 37
1048_0032_0010_0048_0048.jpg 1 32 10 48 48
1049_0013_0024_0028_0028.jpg 1 13 24 28 28
1050_0004_0028_0053_0053.jpg 1 4 28 53 53
1051_0055_0044_0036_0036.jpg 1 55 44 36 36
1052_0015_0051_0033_0033.jpg 1 15 51 33 33
1053_0025_0008_0063_0063.jpg 1 25 8 63 63
1054_0024_0027_0068_0068.jpg 1 24 27 68 68
1055_0006_0025_0056_0056.jpg 1 6 25 56 56
1056_0059_0021_0031_0031.jpg 1 59 21 31 31
1057_0026_0028_0061_0061.jpg 1 26 28 61 61
1058_0038_0017_0036_0036.jpg 1 38 17 36 36
1059_0049_0011_0034_0034.jpg 1 49 11 34 34
1060_0039_0011_0055_0055.jpg 1 39 11 55 55
1061_0025_0028_0068_0068.jpg 1 25 28 68 68
1062_0037_0030_0042_0042.jpg 1 37 30 42 42
1063_0008_0024_0053_0053.jpg 1 8 24 53 53
1064_0011_0034_0062_0062.jpg 1 11 34 62 62
1065_0027_0009_0059_0059.jpg 1 27 9 59 59
1066_0043_0013_0049_0049.jpg 1 43 13 49 49
1067_0026_0012_0051_0051.jpg 1 26 12 51 51
1068_0023_0014_0068_0068.jpg 1 23 14 68 68
1069_0035_0044_0030_0030.jpg 1 35 44 30 30
1070_0046_0051_0041_0041.jpg 1 46 51 41 41
1071_0043_0041_0038_0038.jpg 1 43 41 38 38
1072_0013_0014_0067_0067.jpg 1 13 14 67 67
1073_0040_0062_0027_0027.jpg 1 40 62 27 27
1074_0043_0020_0051_0051.jpg 1 43 20 51 51
1075_0037_0025_0043_0043.jpg 1 37 25 43 43
1076_0028_0007_0059_0059.jpg 1 28 7 59 59
1077_0046_0047_0030_0030.jpg 1 46 47 30 30
1078_0044_0042_0049_0049.jpg 1 44 42 49 49
1079_0050_0042_0039_0039.jpg 1 50 42 39 39
1080_0011_0017_0059_0059.jpg 1 11 17 59 59
1081_0010_0058_0033_0033.jpg 1 10 58 33 33
1082_0012_0022_0043_0043.jpg 1 12 22 43 43
1083_0045_0012_0028_0028.jpg 1 45 12 28 28
1084_0005_0021_0059_0059.jpg 1 5 21 59 59
1085_0030_0017_0044_0044.jpg 1 30 17 44 44
1086_0049_0034_0031_0031.jpg 1 49 34 31 31
1087_0040_0023_0050_0050.jpg 1 40 23 50 50
1088_0005_0005_0069_0069.jpg 1 5 5 69 69
1089_0013_0030_0048_0048.jpg 1 13 30 48 48
1090_0016_0009_0061_0061.jpg 1 16 9 61 61
1091_0017_0020_0059_0059.jpg 1 17 20 59 59
1092_0053_0019_0033_0033.jpg 1 53 19 33 33
1093_0032_0039_0039_0039.jpg 1 32 39 39 39
1094_0029_0010_0054_0054.jpg 1 29 10 54 54
1095_0041_0011_0043_0043.jpg 1 41 11 43 43
1096_0043_0042_0045_0045.jpg 1 43 42 45 45
1097_0046_0007_0045_0045.jpg 1 46 7 45 45
1098_0058_0027_0025_0025.jpg 1 58 27 25 25
1099_0027_0012_0064_0064.jpg 1 27 12 64 64
1100_0016_0056_0022_0022.jpg 1 16 56 22 22
1101_0027_0010_0045_0045.jpg 1 27 10 45 45
1102_0017_0013_0063_0063.jpg 1 17 13 63 63
1103_0009_0007_0062_0062.jpg 1 9 7 62 62
1104_0046_0022_0033_0033.jpg 1 46 22 33 33
1105_0033_0035_0054_0054.jpg 1 33 35 54 54
1106_0023_0029_0044_0044.jpg 1 23 29 44 44
1107_0058_0015_0023_0023.jpg 1 58 15 23 23
1108_0018_0017_0040_0040.jpg 1 18 17 40 40
1109_0059_0044_0025_0025.jpg 1 59 44 25 25
1110_0044_0006_0047_0047.jpg 1 44 6 47 47
1111_0034_0008_0054_0054.jpg 1 34 8 54 54
1112_0049_0047_0038_0038.jpg 1 49 47 38 38
1113_0026_0007_0035_0035.jpg 1 26 7 35 35
1114_0007_0062_0021_0021.jpg 1 7 62 21 21
1115_0013_0015_0041_0041.jpg 1 13 15 41 41
1116_0045_0045_0048_0048.jpg 1 45 45 48 48
1117_0016_0043_0033_0033.jpg 1 16 43 33 33
1118_0041_0059_0031_0031.jpg 1 41 59 31 31
1119_0039_0032_0048_0048.jpg 1 39 32 48 48
1120_0006_0044_0035_0035.jpg 1 6 44 35 35
1121_0163_0011_0047_0047.jpg 1 163 11 47 47
1122_0043_0065_0025_0025.jpg 1 43 65 25 25
1123_0032_0007_0062_0062.jpg 1 32 7 62 62
1124_0023_0041_0040_0040.jpg 1 23 41 40 40
1125_0056_0055_0025_0025.jpg 1 56 55 25 25
1126_0023_0022_0027_0027.jpg 1 23 22 27 27
1127_0032_0003_0063_0063.jpg 1 32 3 63 63
1128_0013_0039_0031_0031.jpg 1 13 39 31 31
1129_0018_0026_0033_0033.jpg 1 18 26 33 33
1130_0025_0054_0038_0038.jpg 1 25 54 38 38
1131_0016_0037_0042_0042.jpg 1 16 37 42 42
1132_0033_0027_0059_0059.jpg 1 33 27 59 59
1133_0005_0004_0069_0069.jpg 1 5 4 69 69
1134_0023_0042_0052_0052.jpg 1 23 42 52 52
1135_0018_0016_0064_0064.jpg 1 18 16 64 64
1136_0034_0043_0031_0031.jpg 1 34 43 31 31
1137_0020_0024_0069_0069.jpg 1 20 24 69 69
1138_0034_0025_0054_0054.jpg 1 34 25 54 54
1139_0023_0029_0036_0036.jpg 1 23 29 36 36
1140_0018_0044_0028_0028.jpg 1 18 44 28 28
1141_0032_0020_0045_0045.jpg 1 32 20 45 45
1142_0037_0018_0044_0044.jpg 1 37 18 44 44
1143_0024_0027_0054_0054.jpg 1 24 27 54 54
1144_0024_0048_0046_0046.jpg 1 24 48 46 46
1145_0022_0031_0024_0024.jpg 1 22 31 24 24
1146_0013_0040_0052_0052.jpg 1 13 40 52 52
1147_0030_0053_0038_0038.jpg 1 30 53 38 38
1148_0006_0024_0056_0056.jpg 1 6 24 56 56
1149_0055_0048_0036_0036.jpg 1 55 48 36 36
1150_0054_0044_0039_0039.jpg 1 54 44 39 39
1151_0025_0005_0058_0058.jpg 1 25 5 58 58
1152_0062_0038_0027_0027.jpg 1 62 38 27 27
1153_0034_0010_0057_0057.jpg 1 34 10 57 57
1154_0026_0027_0063_0063.jpg 1 26 27 63 63
1155_0055_0045_0033_0033.jpg 1 55 45 33 33
1156_0023_0032_0046_0046.jpg 1 23 32 46 46
1157_0019_0038_0049_0049.jpg 1 19 38 49 49
1158_0027_0004_0056_0056.jpg 1 27 4 56 56
1159_0050_0049_0033_0033.jpg 1 50 49 33 33
1160_0031_0060_0029_0029.jpg 1 31 60 29 29
1161_0011_0058_0031_0031.jpg 1 11 58 31 31
1162_0022_0014_0060_0060.jpg 1 22 14 60 60
1163_0007_0013_0038_0038.jpg 1 7 13 38 38
1164_0013_0020_0066_0066.jpg 1 13 20 66 66
1165_0018_0020_0064_0064.jpg 1 18 20 64 64
1166_0031_0054_0035_0035.jpg 1 31 54 35 35
1167_0022_0003_0069_0069.jpg 1 22 3 69 69
1168_0026_0040_0034_0034.jpg 1 26 40 34 34
1169_0021_0023_0055_0055.jpg 1 21 23 55 55
1170_0008_0060_0029_0029.jpg 1 8 60 29 29
1171_0022_0020_0064_0064.jpg 1 22 20 64 64
1172_0009_0039_0041_0041.jpg 1 9 39 41 41
1173_0019_0014_0060_0060.jpg 1 19 14 60 60
1174_0035_0011_0057_0057.jpg 1 35 11 57 57
1175_0008_0051_0027_0027.jpg 1 8 51 27 27
1176_0003_0008_0066_0066.jpg 1 3 8 66 66
1177_0021_0028_0050_0050.jpg 1 21 28 50 50
1178_0021_0030_0028_0028.jpg 1 21 30 28 28
1179_0040_0032_0042_0042.jpg 1 40 32 42 42
1180_0009_0022_0059_0059.jpg 1 9 22 59 59
1181_0029_0024_0049_0049.jpg 1 29 24 49 49
1182_0022_0027_0053_0053.jpg 1 22 27 53 53
1183_0023_0015_0068_0068.jpg 1 23 15 68 68
1184_0032_0016_0020_0020.jpg 1 32 16 20 20
1185_0028_0024_0058_0058.jpg 1 28 24 58 58
1186_0019_0011_0031_0031.jpg 1 19 11 31 31
1187_0064_0024_0025_0025.jpg 1 64 24 25 25
1188_0021_0011_0055_0055.jpg 1 21 11 55 55
1189_0057_0035_0020_0020.jpg 1 57 35 20 20
1190_0022_0014_0030_0030.jpg 1 22 14 30 30
1191_0029_0019_0038_0038.jpg 1 29 19 38 38
1192_0023_0024_0065_0065.jpg 1 23 24 65 65
1193_0008_0015_0065_0065.jpg 1 8 15 65 65
1194_0034_0048_0032_0032.jpg 1 34 48 32 32
1195_0017_0009_0062_0062.jpg 1 17 9 62 62
1196_0027_0033_0055_0055.jpg 1 27 33 55 55
1197_0061_0047_0027_0027.jpg 1 61 47 27 27
1198_0031_0064_0026_0026.jpg 1 31 64 26 26
1199_0031_0014_0054_0054.jpg 1 31 14 54 54
1200_0018_0006_0066_0066.jpg 1 18 6 66 66
1201_0046_0065_0026_0026.jpg 1 46 65 26 26
1202_0039_0025_0034_0034.jpg 1 39 25 34 34
1203_0024_0035_0044_0044.jpg 1 24 35 44 44
1204_0007_0013_0046_0046.jpg 1 7 13 46 46
1205_0014_0014_0061_0061.jpg 1 14 14 61 61
1206_0050_0039_0029_0029.jpg 1 50 39 29 29
1207_0015_0010_0056_0056.jpg 1 15 10 56 56
1208_0012_0048_0026_0026.jpg 1 12 48 26 26
1209_0014_0025_0066_0066.jpg 1 14 25 66 66
1210_0050_0056_0028_0028.jpg 1 50 56 28 28
1211_0047_0030_0039_0039.jpg 1 47 30 39 39
1212_0026_0014_0059_0059.jpg 1 26 14 59 59
1213_0024_0043_0030_0030.jpg 1 24 43 30 30
1214_0017_0023_0049_0049.jpg 1 17 23 49 49
1215_0010_0031_0048_0048.jpg 1 10 31 48 48
1216_0008_0025_0047_0047.jpg 1 8 25 47 47
1217_0003_0006_0066_0066.jpg 1 3 6 66 66
1218_0019_0051_0026_0026.jpg 1 19 51 26 26
1219_0011_0061_0024_0024.jpg 1 11 61 24 24
1220_0046_0043_0044_0044.jpg 1 46 43 44 44
1221_0030_0016_0039_0039.jpg 1 30 16 39 39
1222_0020_0033_0047_0047.jpg 1 20 33 47 47
1223_0011_0011_0022_0022.jpg 1 11 11 22 22
1224_0029_0035_0060_0060.jpg 1 29 35 60 60
1225_0019_0025_0046_0046.jpg 1 19 25 46 46
1226_0021_0038_0039_0039.jpg 1 21 38 39 39
1227_0021_0030_0054_0054.jpg 1 21 30 54 54
1228_0042_0042_0031_0031.jpg 1 42 42 31 31
1229_0037_0030_0057_0057.jpg 1 37 30 57 57
1230_0043_0016_0036_0036.jpg 1 43 16 36 36
1231_0040_0053_0033_0033.jpg 1 40 53 33 33
1232_0006_0004_0069_0069.jpg 1 6 4 69 69
1233_0049_0034_0031_0031.jpg 1 49 34 31 31
1234_0034_0015_0034_0034.jpg 1 34 15 34 34
1235_0029_0033_0060_0060.jpg 1 29 33 60 60
1236_0027_0054_0032_0032.jpg 1 27 54 32 32
1237_0017_0009_0062_0062.jpg 1 17 9 62 62
1238_0024_0050_0039_0039.jpg 1 24 50 39 39
1239_0045_0050_0022_0022.jpg 1 45 50 22 22
1240_0014_0022_0066_0066.jpg 1 14 22 66 66
1241_0030_0012_0055_0055.jpg 1 30 12 55 55
1242_0004_0030_0053_0053.jpg 1 4 30 53 53
1243_0024_0042_0030_0030.jpg 1 24 42 30 30
1244_0049_0044_0038_0038.jpg 1 49 44 38 38
1245_0022_0027_0059_0059.jpg 1 22 27 59 59
1246_0037_0014_0050_0050.jpg 1 37 14 50 50
1247_0019_0025_0068_0068.jpg 1 19 25 68 68
1248_0034_0063_0028_0028.jpg 1 34 63 28 28
1249_0005_0012_0053_0053.jpg 1 5 12 53 53
1250_0010_0012_0033_0033.jpg 1 10 12 33 33
1251_0009_0026_0067_0067.jpg 1 9 26 67 67
1252_0011_0018_0063_0063.jpg 1 11 18 63 63
1253_0005_0020_0057_0057.jpg 1 5 20 57 57
1254_0025_0004_0057_0057.jpg 1 25 4 57 57
1255_0051_0015_0040_0040.jpg 1 51 15 40 40
1256_0046_0048_0026_0026.jpg 1 46 48 26 26
1257_0027_0021_0035_0035.jpg 1 27 21 35 35
1258_0051_0014_0041_0041.jpg 1 51 14 41 41
1259_0032_0015_0055_0055.jpg 1 32 15 55 55
1260_0015_0028_0061_0061.jpg 1 15 28 61 61
1261_0024_0010_0033_0033.jpg 1 24 10 33 33
1262_0026_0037_0043_0043.jpg 1 26 37 43 43
1263_0011_0022_0038_0038.jpg 1 11 22 38 38
1264_0022_0018_0054_0054.jpg 1 22 18 54 54
1265_0015_0003_0067_0067.jpg 1 15 3 67 67
1266_0032_0022_0036_0036.jpg 1 32 22 36 36
1267_0047_0016_0043_0043.jpg 1 47 16 43 43
1268_0009_0014_0038_0038.jpg 1 9 14 38 38
1269_0008_0007_0029_0029.jpg 1 8 7 29 29
1270_0019_0030_0041_0041.jpg 1 19 30 41 41
1271_0021_0032_0054_0054.jpg 1 21 32 54 54
1272_0015_0053_0024_0024.jpg 1 15 53 24 24
1273_0021_0021_0068_0068.jpg 1 21 21 68 68
1274_0044_0016_0050_0050.jpg 1 44 16 50 50
1275_0053_0024_0040_0040.jpg 1 53 24 40 40
1276_0023_0003_0064_0064.jpg 1 23 3 64 64
1277_0018_0023_0067_0067.jpg 1 18 23 67 67
1278_0009_0034_0041_0041.jpg 1 9 34 41 41
1279_0010_0015_0036_0036.jpg 1 10 15 36 36
1280_0050_0027_0036_0036.jpg 1 50 27 36 36
1281_0036_0005_0056_0056.jpg 1 36 5 56 56
1282_0032_0046_0034_0034.jpg 1 32 46 34 34
1283_0009_0018_0029_0029.jpg 1 9 18 29 29
1284_0018_0015_0040_0040.jpg 1 18 15 40 40
1285_0032_0023_0061_0061.jpg 1 32 23 61 61
1286_0038_0019_0045_0045.jpg 1 38 19 45 45
1287_0015_0017_0053_0053.jpg 1 15 17 53 53
1288_0048_0020_0042_0042.jpg 1 48 20 42 42
1289_0038_0048_0045_0045.jpg 1 38 48 45 45
1290_0045_0036_0047_0047.jpg 1 45 36 47 47
1291_0024_0035_0032_0032.jpg 1 24 35 32 32
1292_0018_0046_0047_0047.jpg 1 18 46 47 47
1293_0041_0013_0049_0049.jpg 1 41 13 49 49
1294_0027_0020_0067_0067.jpg 1 27 20 67 67
1295_0015_0014_0058_0058.jpg 1 15 14 58 58
1296_0040_0048_0030_0030.jpg 1 40 48 30 30
1297_0022_0015_0069_0069.jpg 1 22 15 69 69
1298_0027_0026_0041_0041.jpg 1 27 26 41 41
1299_0006_0020_0050_0050.jpg 1 6 20 50 50
1300_0009_0020_0069_0069.jpg 1 9 20 69 69
1301_0007_0022_0064_0064.jpg 1 7 22 64 64
1302_0006_0029_0055_0055.jpg 1 6 29 55 55
1303_0029_0044_0028_0028.jpg 1 29 44 28 28
1304_0025_0011_0040_0040.jpg 1 25 11 40 40
1305_0004_0022_0053_0053.jpg 1 4 22 53 53
1306_0036_0044_0039_0039.jpg 1 36 44 39 39
1307_0039_0029_0048_0048.jpg 1 39 29 48 48
1308_0030_0034_0058_0058.jpg 1 30 34 58 58
1309_0032_0044_0037_0037.jpg 1 32 44 37 37
1310_0050_0015_0022_0022.jpg 1 50 15 22 22
1311_0016_0019_0068_0068.jpg 1 16 19 68 68
1312_0039_0055_0032_0032.jpg 1 39 55 32 32
1313_0071_0059_0020_0020.jpg 1 71 59 20 20
1314_0023_0049_0044_0044.jpg 1 23 49 44 44
1315_0046_0021_0023_0023.jpg 1 46 21 23 23
1316_0034_0015_0040_0040.jpg 1 34 15 40 40
1317_0037_0026_0034_0034.jpg 1 37 26 34 34
1318_0044_0043_0042_0042.jpg 1 44 43 42 42
1319_0047_0009_0043_0043.jpg 1 47 9 43 43
1320_0035_0018_0042_0042.jpg 1 35 18 42 42
1321_0019_0004_0061_0061.jpg 1 19 4 61 61
1322_0006_0013_0054_0054.jpg 1 6 13 54 54
1323_0035_0039_0052_0052.jpg 1 35 39 52 52
1324_0044_0021_0042_0042.jpg 1 44 21 42 42
1325_0008_0025_0050_0050.jpg 1 8 25 50 50
1326_0052_0065_0020_0020.jpg 1 52 65 20 20
1327_0020_0003_0069_0069.jpg 1 20 3 69 69
1328_0021_0013_0050_0050.jpg 1 21 13 50 50
1329_0054_0023_0036_0036.jpg 1 54 23 36 36
1330_0017_0003_0068_0068.jpg 1 17 3 68 68
1331_0044_0037_0041_0041.jpg 1 44 37 41 41
1332_0011_0013_0030_0030.jpg 1 11 13 30 30
1333_0018_0037_0028_0028.jpg 1 18 37 28 28
1334_0050_0039_0028_0028.jpg 1 50 39 28 28
1335_0005_0017_0059_0059.jpg 1 5 17 59 59
1336_0025_0008_0067_0067.jpg 1 25 8 67 67
1337_0058_0043_0028_0028.jpg 1 58 43 28 28
1338_0037_0062_0029_0029.jpg 1 37 62 29 29
1339_0027_0033_0053_0053.jpg 1 27 33 53 53
1340_0016_0029_0066_0066.jpg 1 16 29 66 66
1341_0022_0046_0037_0037.jpg 1 22 46 37 37
1342_0044_0057_0029_0029.jpg 1 44 57 29 29
1343_0048_0012_0045_0045.jpg 1 48 12 45 45
1344_0012_0024_0055_0055.jpg 1 12 24 55 55
1345_0028_0051_0041_0041.jpg 1 28 51 41 41
1346_0030_0039_0033_0033.jpg 1 30 39 33 33
1347_0035_0032_0041_0041.jpg 1 35 32 41 41
1348_0012_0041_0034_0034.jpg 1 12 41 34 34
1349_0023_0026_0054_0054.jpg 1 23 26 54 54
1350_0021_0045_0034_0034.jpg 1 21 45 34 34
1351_0025_0018_0062_0062.jpg 1 25 18 62 62
1352_0021_0017_0049_0049.jpg 1 21 17 49 49
1353_0052_0038_0027_0027.jpg 1 52 38 27 27
1354_0005_0031_0058_0058.jpg 1 5 31 58 58
1355_0032_0018_0050_0050.jpg 1 32 18 50 50
1356_0024_0018_0068_0068.jpg 1 24 18 68 68
1357_0018_0052_0025_0025.jpg 1 18 52 25 25
1358_0009_0024_0037_0037.jpg 1 9 24 37 37
1359_0014_0046_0046_0046.jpg 1 14 46 46 46
1360_0059_0032_0026_0026.jpg 1 59 32 26 26
1361_0017_0027_0041_0041.jpg 1 17 27 41 41
1362_0007_0025_0052_0052.jpg 1 7 25 52 52
1363_0035_0055_0037_0037.jpg 1 35 55 37 37
1364_0030_0012_0060_0060.jpg 1 30 12 60 60
1365_0021_0032_0020_0020.jpg 1 21 32 20 20
1366_0029_0020_0048_0048.jpg 1 29 20 48 48
1367_0018_0028_0030_0030.jpg 1 18 28 30 30
1368_0007_0036_0043_0043.jpg 1 7 36 43 43
1369_0045_0050_0044_0044.jpg 1 45 50 44 44
1370_0008_0027_0066_0066.jpg 1 8 27 66 66
1371_0013_0023_0052_0052.jpg 1 13 23 52 52
1372_0040_0035_0038_0038.jpg 1 40 35 38 38
1373_0025_0007_0060_0060.jpg 1 25 7 60 60
1374_0016_0012_0061_0061.jpg 1 16 12 61 61
1375_0037_0051_0038_0038.jpg 1 37 51 38 38
1376_0043_0030_0050_0050.jpg 1 43 30 50 50
1377_0055_0045_0033_0033.jpg 1 55 45 33 33
1378_0013_0022_0069_0069.jpg 1 13 22 69 69
1379_0039_0015_0042_0042.jpg 1 39 15 42 42
1380_0029_0006_0053_0053.jpg 1 29 6 53 53
1381_0010_0026_0064_0064.jpg 1 10 26 64 64
1382_0025_0033_0048_0048.jpg 1 25 33 48 48
1383_0015_0020_0063_0063.jpg 1 15 20 63 63
1384_0023_0007_0069_0069.jpg 1 23 7 69 69
1385_0007_0032_0055_0055.jpg 1 7 32 55 55
1386_0009_0057_0035_0035.jpg 1 9 57 35 35
1387_0038_0012_0050_0050.jpg 1 38 12 50 50
1388_0032_0006_0035_0035.jpg 1 32 6 35 35
1389_0006_0044_0035_0035.jpg 1 6 44 35 35
1390_0038_0017_0054_0054.jpg 1 38 17 54 54
1391_0017_0021_0068_0068.jpg 1 17 21 68 68
1392_0015_0058_0034_0034.jpg 1 15 58 34 34
1393_0007_0006_0064_0064.jpg 1 7 6 64 64
1394_0009_0003_0066_0066.jpg 1 9 3 66 66
1395_0028_0031_0044_0044.jpg 1 28 31 44 44
1396_0026_0005_0053_0053.jpg 1 26 5 53 53
1397_0024_0028_0057_0057.jpg 1 24 28 57 57
1398_0013_0050_0041_0041.jpg 1 13 50 41 41
1399_0010_0021_0051_0051.jpg 1 10 21 51 51
1400_0023_0019_0055_0055.jpg 1 23 19 55 55
1401_0034_0018_0026_0026.jpg 1 34 18 26 26
1402_0026_0026_0067_0067.jpg 1 26 26 67 67
1403_0009_0035_0034_0034.jpg 1 9 35 34 34
1404_0021_0016_0069_0069.jpg 1 21 16 69 69
1405_0021_0018_0067_0067.jpg 1 21 18 67 67
1406_0018_0010_0069_0069.jpg 1 18 10 69 69
1407_0021_0040_0046_0046.jpg 1 21 40 46 46
1408_0048_0018_0024_0024.jpg 1 48 18 24 24
1409_0050_0044_0043_0043.jpg 1 50 44 43 43
1410_0052_0041_0034_0034.jpg 1 52 41 34 34
1411_0008_0022_0037_0037.jpg 1 8 22 37 37
1412_0036_0037_0045_0045.jpg 1 36 37 45 45
1413_0033_0049_0036_0036.jpg 1 33 49 36 36
1414_0021_0054_0036_0036.jpg 1 21 54 36 36
1415_0029_0012_0041_0041.jpg 1 29 12 41 41
1416_0047_0021_0032_0032.jpg 1 47 21 32 32
1417_0013_0033_0053_0053.jpg 1 13 33 53 53
1418_0023_0020_0067_0067.jpg 1 23 20 67 67
1419_0009_0015_0049_0049.jpg 1 9 15 49 49
1420_0018_0043_0026_0026.jpg 1 18 43 26 26
1421_0012_0003_0069_0069.jpg 1 12 3 69 69
1422_0059_0043_0023_0023.jpg 1 59 43 23 23
1423_0014_0042_0051_0051.jpg 1 14 42 51 51
1424_0032_0022_0056_0056.jpg 1 32 22 56 56
1425_0015_0042_0051_0051.jpg 1 15 42 51 51
1426_0005_0023_0069_0069.jpg 1 5 23 69 69
1427_0006_0019_0058_0058.jpg 1 6 19 58 58
1428_0048_0035_0023_0023.jpg 1 48 35 23 23
1429_0027_0056_0022_0022.jpg 1 27 56 22 22
1430_0051_0027_0038_0038.jpg 1 51 27 38 38
1431_0056_0035_0026_0026.jpg 1 56 35 26 26
1432_0055_0050_0035_0035.jpg 1 55 50 35 35
1433_0048_0062_0021_0021.jpg 1 48 62 21 21
1434_0025_0016_0049_0049.jpg 1 25 16 49 49
1435_0027_0029_0046_0046.jpg 1 27 29 46 46
1436_0049_0027_0040_0040.jpg 1 49 27 40 40
1437_0012_0018_0069_0069.jpg 1 12 18 69 69
1438_0016_0046_0022_0022.jpg 1 16 46 22 22
1439_0040_0024_0046_0046.jpg 1 40 24 46 46
1440_0011_0015_0068_0068.jpg 1 11 15 68 68
1441_0028_0021_0055_0055.jpg 1 28 21 55 55
1442_0057_0056_0034_0034.jpg 1 57 56 34 34
1443_0034_0006_0039_0039.jpg 1 34 6 39 39
1444_0004_0024_0058_0058.jpg 1 4 24 58 58
1445_0057_0066_0023_0023.jpg 1 57 66 23 23
1446_0032_0020_0054_0054.jpg 1 32 20 54 54
1447_0014_0006_0062_0062.jpg 1 14 6 62 62
1448_0021_0014_0049_0049.jpg 1 21 14 49 49
1449_0009_0034_0037_0037.jpg 1 9 34 37 37
1450_0032_0014_0060_0060.jpg 1 32 14 60 60
1451_0009_0011_0045_0045.jpg 1 9 11 45 45
1452_0029_0023_0045_0045.jpg 1 29 23 45 45
1453_0047_0045_0036_0036.jpg 1 47 45 36 36
1454_0021_0008_0061_0061.jpg 1 21 8 61 61
1455_0015_0038_0044_0044.jpg 1 15 38 44 44
1456_0010_0056_0029_0029.jpg 1 10 56 29 29
1457_0047_0021_0028_0028.jpg 1 47 21 28 28
1458_0036_0057_0032_0032.jpg 1 36 57 32 32
1459_0032_0025_0061_0061.jpg 1 32 25 61 61
1460_0052_0050_0039_0039.jpg 1 52 50 39 39
1461_0041_0022_0020_0020.jpg 1 41 22 20 20
1462_0004_0005_0065_0065.jpg 1 4 5 65 65
1463_0063_0043_0022_0022.jpg 1 63 43 22 22
1464_0041_0014_0046_0046.jpg 1 41 14 46 46
1465_0028_0043_0030_0030.jpg 1 28 43 30 30
1466_0042_0029_0049_0049.jpg 1 42 29 49 49
1467_0033_0013_0029_0029.jpg 1 33 13 29 29
1468_0061_0042_0029_0029.jpg 1 61 42 29 29
1469_0025_0010_0047_0047.jpg 1 25 10 47 47
1470_0036_0027_0032_0032.jpg 1 36 27 32 32
1471_0023_0047_0041_0041.jpg 1 23 47 41 41
1472_0041_0037_0033_0033.jpg 1 41 37 33 33
1473_0038_0031_0053_0053.jpg 1 38 31 53 53
1474_0023_0015_0063_0063.jpg 1 23 15 63 63
1475_0054_0021_0027_0027.jpg 1 54 21 27 27
1476_0031_0030_0049_0049.jpg 1 31 30 49 49
1477_0024_0017_0061_0061.jpg 1 24 17 61 61
1478_0041_0051_0042_0042.jpg 1 41 51 42 42
1479_0010_0007_0032_0032.jpg 1 10 7 32 32
1480_0030_0055_0031_0031.jpg 1 30 55 31 31
1481_0034_0014_0038_0038.jpg 1 34 14 38 38
1482_0029_0017_0033_0033.jpg 1 29 17 33 33
1483_0028_0006_0051_0051.jpg 1 28 6 51 51
1484_0062_0053_0024_0024.jpg 1 62 53 24 24
1485_0030_0005_0049_0049.jpg 1 30 5 49 49
1486_0006_0012_0066_0066.jpg 1 6 12 66 66
1487_0035_0055_0026_0026.jpg 1 35 55 26 26
1488_0034_0036_0055_0055.jpg 1 34 36 55 55
1489_0057_0048_0023_0023.jpg 1 57 48 23 23
1490_0017_0021_0058_0058.jpg 1 17 21 58 58
1491_0016_0063_0029_0029.jpg 1 16 63 29 29
1492_0005_0023_0055_0055.jpg 1 5 23 55 55
1493_0008_0038_0036_0036.jpg 1 8 38 36 36
1494_0030_0007_0048_0048.jpg 1 30 7 48 48
1495_0044_0019_0041_0041.jpg 1 44 19 41 41
1496_0011_0040_0026_0026.jpg 1 11 40 26 26
1497_0013_0030_0065_0065.jpg 1 13 30 65 65
1498_0032_0011_0054_0054.jpg 1 32 11 54 54
1499_0059_0033_0024_0024.jpg 1 59 33 24 24
1500_0053_0010_0030_0030.jpg 1 53 10 30 30
1501_0017_0019_0029_0029.jpg 1 17 19 29 29
1502_0006_0007_0067_0067.jpg 1 6 7 67 67
1503_0037_0044_0046_0046.jpg 1 37 44 46 46
1504_0056_0011_0027_0027.jpg 1 56 11 27 27
1505_0026_0050_0035_0035.jpg 1 26 50 35 35
1506_0010_0030_0047_0047.jpg 1 10 30 47 47
1507_0029_0011_0058_0058.jpg 1 29 11 58 58
1508_0013_0027_0061_0061.jpg 1 13 27 61 61
1509_0022_0009_0066_0066.jpg 1 22 9 66 66
1510_0027_0009_0057_0057.jpg 1 27 9 57 57
1511_0025_0044_0023_0023.jpg 1 25 44 23 23
1512_0009_0029_0063_0063.jpg 1 9 29 63 63
1513_0029_0027_0051_0051.jpg 1 29 27 51 51
1514_0004_0009_0065_0065.jpg 1 4 9 65 65
1515_0020_0038_0020_0020.jpg 1 20 38 20 20
1516_0048_0022_0044_0044.jpg 1 48 22 44 44
1517_0024_0034_0054_0054.jpg 1 24 34 54 54
1518_0024_0015_0060_0060.jpg 1 24 15 60 60
1519_0036_0041_0046_0046.jpg 1 36 41 46 46
1520_0047_0042_0047_0047.jpg 1 47 42 47 47
1521_0041_0024_0048_0048.jpg 1 41 24 48 48
1522_0010_0055_0025_0025.jpg 1 10 55 25 25
1523_0029_0039_0031_0031.jpg 1 29 39 31 31
1524_0006_0011_0055_0055.jpg 1 6 11 55 55
1525_0009_0009_0055_0055.jpg 1 9 9 55 55
1526_0025_0017_0067_0067.jpg 1 25 17 67 67
1527_0026_0020_0065_0065.jpg 1 26 20 65 65
1528_0048_0033_0021_0021.jpg 1 48 33 21 21
1529_0026_0047_0036_0036.jpg 1 26 47 36 36
1530_0042_0025_0051_0051.jpg 1 42 25 51 51
1531_0038_0048_0043_0043.jpg 1 38 48 43 43
1532_0011_0026_0065_0065.jpg 1 11 26 65 65
1533_0036_0054_0030_0030.jpg 1 36 54 30 30
1534_0022_0020_0049_0049.jpg 1 22 20 49 49
1535_0016_0048_0039_0039.jpg 1 16 48 39 39
1536_0045_0028_0040_0040.jpg 1 45 28 40 40
1537_0030_0017_0047_0047.jpg 1 30 17 47 47
1538_0029_0022_0065_0065.jpg 1 29 22 65 65
1539_0056_0051_0031_0031.jpg 1 56 51 31 31
1540_0049_0060_0020_0020.jpg 1 49 60 20 20
1541_0017_0033_0058_0058.jpg 1 17 33 58 58
1542_0005_0040_0043_0043.jpg 1 5 40 43 43
1543_0013_0037_0053_0053.jpg 1 13 37 53 53
1544_0019_0016_0031_0031.jpg 1 19 16 31 31
1545_0038_0022_0027_0027.jpg 1 38 22 27 27
1546_0009_0012_0053_0053.jpg 1 9 12 53 53
1547_0031_0010_0035_0035.jpg 1 31 10 35 35
1548_0037_0050_0033_0033.jpg 1 37 50 33 33
1549_0027_0047_0041_0041.jpg 1 27 47 41 41
1550_0047_0018_0038_0038.jpg 1 47 18 38 38
1551_0021_0035_0060_0060.jpg 1 21 35 60 60
1552_0006_0035_0055_0055.jpg 1 6 35 55 55
1553_0015_0017_0065_0065.jpg 1 15 17 65 65
1554_0021_0015_0027_0027.jpg 1 21 15 27 27
1555_0048_0052_0031_0031.jpg 1 48 52 31 31
1556_0010_0025_0061_0061.jpg 1 10 25 61 61
1557_0019_0025_0040_0040.jpg 1 19 25 40 40
1558_0044_0039_0038_0038.jpg 1 44 39 38 38
1559_0039_0039_0049_0049.jpg 1 39 39 49 49
1560_0011_0009_0045_0045.jpg 1 11 9 45 45
1561_0030_0032_0062_0062.jpg 1 30 32 62 62
1562_0021_0006_0068_0068.jpg 1 21 6 68 68
1563_0015_0023_0062_0062.jpg 1 15 23 62 62
1564_0023_0029_0029_0029.jpg 1 23 29 29 29
1565_0013_0015_0059_0059.jpg 1 13 15 59 59
1566_0011_0029_0042_0042.jpg 1 11 29 42 42
1567_0007_0029_0035_0035.jpg 1 7 29 35 35
1568_0004_0019_0063_0063.jpg 1 4 19 63 63
1569_0027_0020_0066_0066.jpg 1 27 20 66 66
1570_0040_0013_0043_0043.jpg 1 40 13 43 43
1571_0020_0017_0062_0062.jpg 1 20 17 62 62
1572_0026_0024_0061_0061.jpg 1 26 24 61 61
1573_0027_0025_0053_0053.jpg 1 27 25 53 53
1574_0020_0029_0037_0037.jpg 1 20 29 37 37
1575_0039_0052_0030_0030.jpg 1 39 52 30 30
1576_0045_0019_0041_0041.jpg 1 45 19 41 41
1577_0009_0026_0047_0047.jpg 1 9 26 47 47
1578_0007_0032_0046_0046.jpg 1 7 32 46 46
1579_0050_0030_0038_0038.jpg 1 50 30 38 38
1580_0029_0029_0057_0057.jpg 1 29 29 57 57
1581_0017_0032_0064_0064.jpg 1 17 32 64 64
1582_0051_0007_0036_0036.jpg 1 51 7 36 36
1583_0050_0045_0025_0025.jpg 1 50 45 25 25
1584_0033_0007_0055_0055.jpg 1 33 7 55 55
1585_0003_0012_0065_0065.jpg 1 3 12 65 65
1586_0019_0024_0033_0033.jpg 1 19 24 33 33
1587_0028_0018_0062_0062.jpg 1 28 18 62 62
1588_0021_0018_0036_0036.jpg 1 21 18 36 36
1589_0028_0050_0023_0023.jpg 1 28 50 23 23
1590_0034_0023_0048_0048.jpg 1 34 23 48 48
1591_0043_0018_0023_0023.jpg 1 43 18 23 23
1592_0020_0020_0042_0042.jpg 1 20 20 42 42
1593_0017_0008_0043_0043.jpg 1 17 8 43 43
1594_0033_0023_0036_0036.jpg 1 33 23 36 36
1595_0009_0056_0025_0025.jpg 1 9 56 25 25
1596_0014_0044_0027_0027.jpg 1 14 44 27 27
1597_0011_0020_0050_0050.jpg 1 11 20 50 50
1598_0049_0015_0036_0036.jpg 1 49 15 36 36
1599_0017_0045_0033_0033.jpg 1 17 45 33 33
1600_0006_0045_0044_0044.jpg 1 6 45 44 44
1601_0027_0011_0050_0050.jpg 1 27 11 50 50
1602_0057_0039_0030_0030.jpg 1 57 39 30 30
1603_0061_0023_0024_0024.jpg 1 61 23 24 24
1604_0009_0015_0056_0056.jpg 1 9 15 56 56
1605_0008_0012_0048_0048.jpg 1 8 12 48 48
1606_0027_0011_0058_0058.jpg 1 27 11 58 58
1607_0006_0025_0065_0065.jpg 1 6 25 65 65
1608_0054_0010_0028_0028.jpg 1 54 10 28 28
1609_0005_0014_0067_0067.jpg 1 5 14 67 67
1610_0015_0046_0023_0023.jpg 1 15 46 23 23
1611_0016_0018_0026_0026.jpg 1 16 18 26 26
1612_0041_0030_0032_0032.jpg 1 41 30 32 32
1613_0047_0053_0031_0031.jpg 1 47 53 31 31
1614_0008_0019_0065_0065.jpg 1 8 19 65 65
1615_0016_0023_0026_0026.jpg 1 16 23 26 26
1616_0027_0018_0047_0047.jpg 1 27 18 47 47
1617_0028_0017_0063_0063.jpg 1 28 17 63 63
1618_0023_0021_0066_0066.jpg 1 23 21 66 66
1619_0008_0031_0061_0061.jpg 1 8 31 61 61
1620_0048_0047_0038_0038.jpg 1 48 47 38 38
1621_0038_0019_0047_0047.jpg 1 38 19 47 47
1622_0031_0020_0062_0062.jpg 1 31 20 62 62
1623_0028_0034_0059_0059.jpg 1 28 34 59 59
1624_0027_0035_0059_0059.jpg 1 27 35 59 59
1625_0037_0014_0055_0055.jpg 1 37 14 55 55
1626_0041_0050_0027_0027.jpg 1 41 50 27 27
1627_0021_0008_0033_0033.jpg 1 21 8 33 33
1628_0013_0046_0044_0044.jpg 1 13 46 44 44
1629_0021_0019_0036_0036.jpg 1 21 19 36 36
1630_0032_0019_0055_0055.jpg 1 32 19 55 55
1631_0053_0011_0034_0034.jpg 1 53 11 34 34
1632_0011_0023_0040_0040.jpg 1 11 23 40 40
1633_0022_0012_0061_0061.jpg 1 22 12 61 61
1634_0052_0038_0030_0030.jpg 1 52 38 30 30
1635_0005_0014_0056_0056.jpg 1 5 14 56 56
1636_0020_0015_0039_0039.jpg 1 20 15 39 39
1637_0009_0007_0068_0068.jpg 1 9 7 68 68
1638_0006_0023_0065_0065.jpg 1 6 23 65 65
1639_0028_0051_0037_0037.jpg 1 28 51 37 37
1640_0022_0013_0063_0063.jpg 1 22 13 63 63
1641_0058_0042_0028_0028.jpg 1 58 42 28 28
1642_0043_0034_0050_0050.jpg 1 43 34 50 50
1643_0021_0025_0067_0067.jpg 1 21 25 67 67
1644_0011_0013_0021_0021.jpg 1 11 13 21 21
1645_0009_0018_0055_0055.jpg 1 9 18 55 55
1646_0050_0054_0022_0022.jpg 1 50 54 22 22
1647_0057_0054_0036_0036.jpg 1 57 54 36 36
1648_0011_0009_0051_0051.jpg 1 11 9 51 51
1649_0035_0039_0041_0041.jpg 1 35 39 41 41
1650_0042_0033_0047_0047.jpg 1 42 33 47 47
1651_0035_0021_0057_0057.jpg 1 35 21 57 57
1652_0060_0065_0021_0021.jpg 1 60 65 21 21
1653_0009_0008_0042_0042.jpg 1 9 8 42 42
1654_0030_0008_0033_0033.jpg 1 30 8 33 33
1655_0048_0021_0041_0041.jpg 1 48 21 41 41
1656_0033_0011_0033_0033.jpg 1 33 11 33 33
1657_0045_0036_0047_0047.jpg 1 45 36 47 47
1658_0043_0026_0042_0042.jpg 1 43 26 42 42
1659_0041_0044_0040_0040.jpg 1 41 44 40 40
1660_0029_0060_0026_0026.jpg 1 29 60 26 26
1661_0040_0012_0053_0053.jpg 1 40 12 53 53
1662_0053_0008_0022_0022.jpg 1 53 8 22 22
1663_0026_0046_0031_0031.jpg 1 26 46 31 31
1664_0025_0020_0039_0039.jpg 1 25 20 39 39
1665_0039_0045_0048_0048.jpg 1 39 45 48 48
1666_0027_0013_0062_0062.jpg 1 27 13 62 62
1667_0064_0014_0028_0028.jpg 1 64 14 28 28
1668_0021_0022_0068_0068.jpg 1 21 22 68 68
1669_0015_0008_0038_0038.jpg 1 15 8 38 38
1670_0035_0063_0025_0025.jpg 1 35 63 25 25
1671_0020_0026_0062_0062.jpg 1 20 26 62 62
1672_0019_0012_0054_0054.jpg 1 19 12 54 54
1673_0035_0008_0038_0038.jpg 1 35 8 38 38
1674_0035_0009_0054_0054.jpg 1 35 9 54 54
1675_0024_0031_0034_0034.jpg 1 24 31 34 34
1676_0007_0010_0060_0060.jpg 1 7 10 60 60
1677_0037_0019_0048_0048.jpg 1 37 19 48 48
1678_0010_0026_0026_0026.jpg 1 10 26 26 26
1679_0028_0059_0024_0024.jpg 1 28 59 24 24
1680_0009_0010_0045_0045.jpg 1 9 10 45 45
1681_0054_0018_0029_0029.jpg 1 54 18 29 29
1682_0058_0044_0028_0028.jpg 1 58 44 28 28
1683_0008_0025_0063_0063.jpg 1 8 25 63 63
1684_0028_0012_0067_0067.jpg 1 28 12 67 67
1685_0034_0005_0053_0053.jpg 1 34 5 53 53
1686_0035_0035_0058_0058.jpg 1 35 35 58 58
1687_0007_0036_0048_0048.jpg 1 7 36 48 48
1688_0013_0017_0068_0068.jpg 1 13 17 68 68
1689_0025_0012_0044_0044.jpg 1 25 12 44 44
1690_0011_0017_0049_0049.jpg 1 11 17 49 49
1691_0008_0028_0028_0028.jpg 1 8 28 28 28
1692_0024_0025_0027_0027.jpg 1 24 25 27 27
1693_0031_0012_0032_0032.jpg 1 31 12 32 32
1694_0027_0017_0053_0053.jpg 1 27 17 53 53
1695_0025_0020_0058_0058.jpg 1 25 20 58 58
1696_0011_0012_0046_0046.jpg 1 11 12 46 46
1697_0049_0050_0026_0026.jpg 1 49 50 26 26
1698_0024_0045_0023_0023.jpg 1 24 45 23 23
1699_0043_0047_0044_0044.jpg 1 43 47 44 44
1700_0027_0013_0060_0060.jpg 1 27 13 60 60
1701_0042_0017_0033_0033.jpg 1 42 17 33 33
1702_0040_0019_0053_0053.jpg 1 40 19 53 53
1703_0024_0050_0020_0020.jpg 1 24 50 20 20
1704_0030_0026_0031_0031.jpg 1 30 26 31 31
1705_0020_0031_0049_0049.jpg 1 20 31 49 49
1706_0043_0032_0025_0025.jpg 1 43 32 25 25
1707_0034_0064_0022_0022.jpg 1 34 64 22 22
1708_0024_0018_0034_0034.jpg 1 24 18 34 34
1709_0056_0019_0035_0035.jpg 1 56 19 35 35
1710_0003_0019_0067_0067.jpg 1 3 19 67 67
1711_0018_0031_0058_0058.jpg 1 18 31 58 58
1712_0054_0008_0028_0028.jpg 1 54 8 28 28
1713_0054_0044_0022_0022.jpg 1 54 44 22 22
1714_0017_0045_0030_0030.jpg 1 17 45 30 30
1715_0006_0041_0042_0042.jpg 1 6 41 42 42
1716_0038_0033_0046_0046.jpg 1 38 33 46 46
1717_0050_0042_0025_0025.jpg 1 50 42 25 25
1718_0025_0054_0024_0024.jpg 1 25 54 24 24
1719_0009_0031_0063_0063.jpg 1 9 31 63 63
1720_0058_0047_0028_0028.jpg 1 58 47 28 28
1721_0056_0052_0026_0026.jpg 1 56 52 26 26
1722_0034_0008_0036_0036.jpg 1 34 8 36 36
1723_0005_0021_0069_0069.jpg 1 5 21 69 69
1724_0029_0016_0021_0021.jpg 1 29 16 21 21
1725_0021_0020_0061_0061.jpg 1 21 20 61 61
1726_0008_0050_0023_0023.jpg 1 8 50 23 23
1727_0038_0025_0039_0039.jpg 1 38 25 39 39
1728_0048_0041_0028_0028.jpg 1 48 41 28 28
1729_0021_0031_0027_0027.jpg 1 21 31 27 27
1730_0010_0030_0021_0021.jpg 1 10 30 21 21
1731_0008_0015_0066_0066.jpg 1 8 15 66 66
1732_0008_0018_0063_0063.jpg 1 8 18 63 63
1733_0040_0050_0042_0042.jpg 1 40 50 42 42
1734_0019_0038_0042_0042.jpg 1 19 38 42 42
1735_0021_0025_0025_0025.jpg 1 21 25 25 25
1736_0010_0024_0038_0038.jpg 1 10 24 38 38
1737_0030_0035_0060_0060.jpg 1 30 35 60 60
1738_0041_0032_0052_0052.jpg 1 41 32 52 52
1739_0019_0008_0069_0069.jpg 1 19 8 69 69
1740_0025_0043_0040_0040.jpg 1 25 43 40 40
1741_0026_0022_0066_0066.jpg 1 26 22 66 66
1742_0042_0042_0050_0050.jpg 1 42 42 50 50
1743_0038_0009_0035_0035.jpg 1 38 9 35 35
1744_0045_0038_0049_0049.jpg 1 45 38 49 49
1745_0011_0035_0055_0055.jpg 1 11 35 55 55
1746_0069_0068_0020_0020.jpg 1 69 68 20 20
1747_0041_0022_0054_0054.jpg 1 41 22 54 54
1748_0021_0039_0034_0034.jpg 1 21 39 34 34
1749_0013_0031_0021_0021.jpg 1 13 31 21 21
1750_0020_0036_0034_0034.jpg 1 20 36 34 34
1751_0016_0024_0056_0056.jpg 1 16 24 56 56
1752_0009_0011_0055_0055.jpg 1 9 11 55 55
1753_0035_0025_0041_0041.jpg 1 35 25 41 41
1754_0019_0018_0048_0048.jpg 1 19 18 48 48
1755_0016_0038_0046_0046.jpg 1 16 38 46 46
1756_0010_0034_0043_0043.jpg 1 10 34 43 43
1757_0050_0009_0040_0040.jpg 1 50 9 40 40
1758_0044_0032_0029_0029.jpg 1 44 32 29 29
1759_0054_0062_0023_0023.jpg 1 54 62 23 23
1760_0030_0030_0045_0045.jpg 1 30 30 45 45
1761_0040_0022_0045_0045.jpg 1 40 22 45 45
1762_0008_0024_0067_0067.jpg 1 8 24 67 67
1763_0040_0016_0043_0043.jpg 1 40 16 43 43
1764_0032_0035_0049_0049.jpg 1 32 35 49 49
1765_0004_0006_0059_0059.jpg 1 4 6 59 59
1766_0020_0015_0057_0057.jpg 1 20 15 57 57
1767_0007_0005_0048_0048.jpg 1 7 5 48 48
1768_0031_0019_0036_0036.jpg 1 31 19 36 36
1769_0027_0061_0020_0020.jpg 1 27 61 20 20
1770_0032_0040_0024_0024.jpg 1 32 40 24 24
1771_0009_0011_0060_0060.jpg 1 9 11 60 60
1772_0034_0021_0032_0032.jpg 1 34 21 32 32
1773_0003_0018_0068_0068.jpg 1 3 18 68 68
1774_0032_0055_0034_0034.jpg 1 32 55 34 34
1775_0020_0051_0020_0020.jpg 1 20 51 20 20
1776_0031_0014_0060_0060.jpg 1 31 14 60 60
1777_0011_0026_0066_0066.jpg 1 11 26 66 66
1778_0008_0021_0063_0063.jpg 1 8 21 63 63
1779_0028_0005_0068_0068.jpg 1 28 5 68 68
1780_0054_0008_0038_0038.jpg 1 54 8 38 38
1781_0007_0010_0044_0044.jpg 1 7 10 44 44
1782_0053_0061_0031_0031.jpg 1 53 61 31 31
1783_0036_0036_0053_0053.jpg 1 36 36 53 53
1784_0011_0007_0055_0055.jpg 1 11 7 55 55
1785_0005_0034_0058_0058.jpg 1 5 34 58 58
1786_0029_0023_0065_0065.jpg 1 29 23 65 65
1787_0031_0050_0039_0039.jpg 1 31 50 39 39
1788_0027_0045_0032_0032.jpg 1 27 45 32 32
1789_0032_0004_0061_0061.jpg 1 32 4 61 61
1790_0018_0024_0034_0034.jpg 1 18 24 34 34
1791_0011_0011_0026_0026.jpg 1 11 11 26 26
1792_0007_0009_0048_0048.jpg 1 7 9 48 48
1793_0036_0028_0026_0026.jpg 1 36 28 26 26
1794_0025_0010_0034_0034.jpg 1 25 10 34 34
1795_0016_0035_0049_0049.jpg 1 16 35 49 49
1796_0011_0051_0026_0026.jpg 1 11 51 26 26
1797_0017_0020_0045_0045.jpg 1 17 20 45 45
1798_0065_0069_0021_0021.jpg 1 65 69 21 21
1799_0049_0036_0041_0041.jpg 1 49 36 41 41
1800_0009_0050_0043_0043.jpg 1 9 50 43 43
1801_0047_0008_0034_0034.jpg 1 47 8 34 34
1802_0024_0005_0059_0059.jpg 1 24 5 59 59
1803_0034_0023_0042_0042.jpg 1 34 23 42 42
1804_0019_0042_0025_0025.jpg 1 19 42 25 25
1805_0004_0016_0064_0064.jpg 1 4 16 64 64
1806_0003_0014_0065_0065.jpg 1 3 14 65 65
1807_0023_0032_0060_0060.jpg 1 23 32 60 60
1808_0044_0035_0044_0044.jpg 1 44 35 44 44
1809_0033_0034_0041_0041.jpg 1 33 34 41 41
1810_0031_0012_0061_0061.jpg 1 31 12 61 61
1811_0014_0058_0032_0032.jpg 1 14 58 32 32
1812_0044_0026_0042_0042.jpg 1 44 26 42 42
1813_0058_0041_0034_0034.jpg 1 58 41 34 34
1814_0042_0031_0039_0039.jpg 1 42 31 39 39
1815_0012_0045_0026_0026.jpg 1 12 45 26 26
1816_0027_0022_0068_0068.jpg 1 27 22 68 68
1817_0011_0013_0066_0066.jpg 1 11 13 66 66
1818_0015_0049_0044_0044.jpg 1 15 49 44 44
1819_0016_0006_0068_0068.jpg 1 16 6 68 68
1820_0056_0006_0036_0036.jpg 1 56 6 36 36
1821_0014_0053_0033_0033.jpg 1 14 53 33 33
1822_0028_0009_0054_0054.jpg 1 28 9 54 54
1823_0008_0021_0066_0066.jpg 1 8 21 66 66
1824_0050_0031_0027_0027.jpg 1 50 31 27 27
1825_0035_0059_0027_0027.jpg 1 35 59 27 27
1826_0021_0014_0063_0063.jpg 1 21 14 63 63
1827_0019_0006_0048_0048.jpg 1 19 6 48 48
1828_0039_0013_0051_0051.jpg 1 39 13 51 51
1829_0029_0028_0049_0049.jpg 1 29 28 49 49
1830_0008_0011_0048_0048.jpg 1 8 11 48 48
1831_0005_0005_0051_0051.jpg 1 5 5 51 51
1832_0044_0037_0044_0044.jpg 1 44 37 44 44
1833_0028_0022_0060_0060.jpg 1 28 22 60 60
1834_0035_0031_0060_0060.jpg 1 35 31 60 60
1835_0024_0017_0049_0049.jpg 1 24 17 49 49
1836_0045_0010_0045_0045.jpg 1 45 10 45 45
1837_0011_0026_0043_0043.jpg 1 11 26 43 43
1838_0010_0009_0062_0062.jpg 1 10 9 62 62
1839_0007_0052_0032_0032.jpg 1 7 52 32 32
1840_0016_0020_0066_0066.jpg 1 16 20 66 66
1841_0020_0013_0063_0063.jpg 1 20 13 63 63
1842_0033_0050_0036_0036.jpg 1 33 50 36 36
1843_0027_0028_0042_0042.jpg 1 27 28 42 42
1844_0034_0006_0049_0049.jpg 1 34 6 49 49
1845_0003_0009_0069_0069.jpg 1 3 9 69 69
1846_0051_0011_0024_0024.jpg 1 51 11 24 24
1847_0022_0030_0051_0051.jpg 1 22 30 51 51
1848_0010_0018_0065_0065.jpg 1 10 18 65 65
1849_0021_0048_0039_0039.jpg 1 21 48 39 39
1850_0025_0021_0036_0036.jpg 1 25 21 36 36
1851_0032_0024_0059_0059.jpg 1 32 24 59 59
1852_0029_0027_0064_0064.jpg 1 29 27 64 64
1853_0008_0028_0033_0033.jpg 1 8 28 33 33
1854_0039_0033_0046_0046.jpg 1 39 33 46 46
1855_0033_0010_0047_0047.jpg 1 33 10 47 47
1856_0064_0021_0026_0026.jpg 1 64 21 26 26
1857_0008_0047_0025_0025.jpg 1 8 47 25 25
1858_0036_0005_0049_0049.jpg 1 36 5 49 49
1859_0014_0062_0020_0020.jpg 1 14 62 20 20
1860_0028_0011_0061_0061.jpg 1 28 11 61 61
1861_0034_0004_0061_0061.jpg 1 34 4 61 61
1862_0020_0044_0049_0049.jpg 1 20 44 49 49
1863_0030_0021_0049_0049.jpg 1 30 21 49 49
1864_0006_0012_0058_0058.jpg 1 6 12 58 58
1865_0054_0031_0033_0033.jpg 1 54 31 33 33
1866_0013_0054_0030_0030.jpg 1 13 54 30 30
1867_0039_0031_0021_0021.jpg 1 39 31 21 21
1868_0029_0006_0065_0065.jpg 1 29 6 65 65
1869_0016_0008_0049_0049.jpg 1 16 8 49 49
1870_0007_0009_0068_0068.jpg 1 7 9 68 68
1871_0032_0052_0024_0024.jpg 1 32 52 24 24
1872_0019_0007_0068_0068.jpg 1 19 7 68 68
1873_0055_0018_0029_0029.jpg 1 55 18 29 29
1874_0022_0004_0059_0059.jpg 1 22 4 59 59
1875_0036_0043_0033_0033.jpg 1 36 43 33 33
1876_0042_0041_0045_0045.jpg 1 42 41 45 45
1877_0044_0031_0030_0030.jpg 1 44 31 30 30
1878_0017_0058_0032_0032.jpg 1 17 58 32 32
1879_0010_0020_0044_0044.jpg 1 10 20 44 44
1880_0042_0041_0043_0043.jpg 1 42 41 43 43
1881_0041_0007_0054_0054.jpg 1 41 7 54 54
1882_0022_0023_0062_0062.jpg 1 22 23 62 62
1883_0029_0062_0023_0023.jpg 1 29 62 23 23
1884_0043_0028_0048_0048.jpg 1 43 28 48 48
1885_0004_0005_0067_0067.jpg 1 4 5 67 67
1886_0031_0035_0053_0053.jpg 1 31 35 53 53
1887_0032_0028_0058_0058.jpg 1 32 28 58 58
1888_0046_0021_0048_0048.jpg 1 46 21 48 48
1889_0034_0015_0045_0045.jpg 1 34 15 45 45
1890_0035_0016_0024_0024.jpg 1 35 16 24 24
1891_0006_0006_0064_0064.jpg 1 6 6 64 64
1892_0009_0027_0022_0022.jpg 1 9 27 22 22
1893_0004_0023_0064_0064.jpg 1 4 23 64 64
1894_0017_0033_0059_0059.jpg 1 17 33 59 59
1895_0027_0008_0044_0044.jpg 1 27 8 44 44
1896_0039_0027_0043_0043.jpg 1 39 27 43 43
1897_0004_0020_0068_0068.jpg 1 4 20 68 68
1898_0025_0037_0055_0055.jpg 1 25 37 55 55
1899_0021_0014_0068_0068.jpg 1 21 14 68 68
1900_0028_0031_0064_0064.jpg 1 28 31 64 64
1901_0027_0032_0056_0056.jpg 1 27 32 56 56
1902_0013_0050_0042_0042.jpg 1 13 50 42 42
1903_0007_0027_0046_0046.jpg 1 7 27 46 46
1904_0049_0048_0029_0029.jpg 1 49 48 29 29
1905_0050_0053_0027_0027.jpg 1 50 53 27 27
1906_0027_0022_0033_0033.jpg 1 27 22 33 33
1907_0011_0015_0062_0062.jpg 1 11 15 62 62
1908_0042_0021_0047_0047.jpg 1 42 21 47 47
1909_0052_0020_0027_0027.jpg 1 52 20 27 27
1910_0018_0067_0020_0020.jpg 1 18 67 20 20
1911_0026_0047_0044_0044.jpg 1 26 47 44 44
1912_0035_0034_0052_0052.jpg 1 35 34 52 52
1913_0029_0017_0029_0029.jpg 1 29 17 29 29
1914_0028_0016_0063_0063.jpg 1 28 16 63 63
1915_0021_0016_0069_0069.jpg 1 21 16 69 69
1916_0034_0012_0054_0054.jpg 1 34 12 54 54
1917_0010_0011_0052_0052.jpg 1 10 11 52 52
1918_0039_0051_0042_0042.jpg 1 39 51 42 42
1919_0016_0023_0061_0061.jpg 1 16 23 61 61
1920_0048_0034_0044_0044.jpg 1 48 34 44 44
1921_0060_0014_0020_0020.jpg 1 60 14 20 20
1922_0011_0012_0063_0063.jpg 1 11 12 63 63
1923_0023_0033_0031_0031.jpg 1 23 33 31 31
1924_0033_0011_0039_0039.jpg 1 33 11 39 39
1925_0044_0009_0049_0049.jpg 1 44 9 49 49
1926_0020_0011_0041_0041.jpg 1 20 11 41 41
1927_0020_0024_0069_0069.jpg 1 20 24 69 69
1928_0018_0053_0033_0033.jpg 1 18 53 33 33
1929_0046_0033_0044_0044.jpg 1 46 33 44 44
1930_0029_0022_0056_0056.jpg 1 29 22 56 56
1931_0050_0030_0039_0039.jpg 1 50 30 39 39
1932_0018_0026_0069_0069.jpg 1 18 26 69 69
1933_0005_0032_0057_0057.jpg 1 5 32 57 57
1934_0015_0011_0064_0064.jpg 1 15 11 64 64
1935_0033_0069_0020_0020.jpg 1 33 69 20 20
1936_0027_0030_0040_0040.jpg 1 27 30 40 40
1937_0068_0029_0024_0024.jpg 1 68 29 24 24
1938_0031_0041_0054_0054.jpg 1 31 41 54 54
1939_0037_0022_0020_0020.jpg 1 37 22 20 20
1940_0016_0008_0058_0058.jpg 1 16 8 58 58
1941_0040_0007_0050_0050.jpg 1 40 7 50 50
1942_0021_0017_0030_0030.jpg 1 21 17 30 30
1943_0034_0013_0051_0051.jpg 1 34 13 51 51
1944_0045_0018_0035_0035.jpg 1 45 18 35 35
1945_0062_0045_0030_0030.jpg 1 62 45 30 30
1946_0056_0009_0032_0032.jpg 1 56 9 32 32
1947_0058_0036_0020_0020.jpg 1 58 36 20 20
1948_0011_0043_0048_0048.jpg 1 11 43 48 48
1949_0008_0027_0023_0023.jpg 1 8 27 23 23
1950_0022_0022_0056_0056.jpg 1 22 22 56 56
1951_0045_0015_0043_0043.jpg 1 45 15 43 43
1952_0018_0045_0047_0047.jpg 1 18 45 47 47
1953_0025_0009_0053_0053.jpg 1 25 9 53 53
1954_0022_0035_0049_0049.jpg 1 22 35 49 49
1955_0045_0012_0036_0036.jpg 1 45 12 36 36
1956_0020_0036_0041_0041.jpg 1 20 36 41 41
1957_0013_0012_0046_0046.jpg 1 13 12 46 46
1958_0054_0045_0036_0036.jpg 1 54 45 36 36
1959_0022_0023_0035_0035.jpg 1 22 23 35 35
1960_0032_0019_0057_0057.jpg 1 32 19 57 57
1961_0015_0006_0068_0068.jpg 1 15 6 68 68
1962_0019_0026_0048_0048.jpg 1 19 26 48 48
1963_0038_0043_0049_0049.jpg 1 38 43 49 49
1964_0049_0035_0037_0037.jpg 1 49 35 37 37
1965_0026_0018_0064_0064.jpg 1 26 18 64 64
1966_0022_0032_0056_0056.jpg 1 22 32 56 56
1967_0028_0018_0044_0044.jpg 1 28 18 44 44
1968_0029_0054_0038_0038.jpg 1 29 54 38 38
1969_0039_0034_0038_0038.jpg 1 39 34 38 38
